0 [1.00e+00]
100 [9.93e-01]
200 [1.02e+00]
300 [1.04e+00]
400 [9.19e-01]
500 [7.71e-01]
600 [5.58e-01]
700 [4.90e-01]
800 [4.46e-01]
900 [4.31e-01]
1000 [4.47e-01]
1100 [4.61e-01]
1200 [4.91e-01]
1300 [4.53e-01]
1400 [4.34e-01]
1500 [4.96e-01]
1600 [5.25e-01]
1700 [4.97e-01]
1800 [4.46e-01]
1900 [4.17e-01]
2000 [4.25e-01]
2100 [4.60e-01]
2200 [4.94e-01]
2300 [5.50e-01]
2400 [5.49e-01]
2500 [5.40e-01]
2600 [5.40e-01]
2700 [5.22e-01]
2800 [5.12e-01]
2900 [5.24e-01]
3000 [5.25e-01]
3100 [5.53e-01]
3200 [5.77e-01]
3300 [5.65e-01]
3400 [5.40e-01]
3500 [5.37e-01]
3600 [5.49e-01]
3700 [5.57e-01]
3800 [5.75e-01]
3900 [5.66e-01]
4000 [5.70e-01]
4100 [5.64e-01]
4200 [5.69e-01]
4300 [5.78e-01]
4400 [5.69e-01]
4500 [5.71e-01]
4600 [5.58e-01]
4700 [5.46e-01]
4800 [5.46e-01]
4900 [5.36e-01]
5000 [5.38e-01]
5100 [5.38e-01]
5200 [5.28e-01]
5300 [5.21e-01]
5400 [5.18e-01]
5500 [5.13e-01]
5600 [5.12e-01]
5700 [5.12e-01]
5800 [5.10e-01]
5900 [5.10e-01]
6000 [5.14e-01]
6100 [5.19e-01]
6200 [5.18e-01]
6300 [5.22e-01]
6400 [5.27e-01]
6500 [5.25e-01]
6600 [5.17e-01]
6700 [5.12e-01]
6800 [5.11e-01]
6900 [5.07e-01]
7000 [5.10e-01]
7100 [5.15e-01]
7200 [5.26e-01]
7300 [5.33e-01]
7400 [5.44e-01]
7500 [5.48e-01]
7600 [5.54e-01]
7700 [5.57e-01]
7800 [5.58e-01]
7900 [5.60e-01]
8000 [5.55e-01]
8100 [5.49e-01]
8200 [5.42e-01]
8300 [5.31e-01]
8400 [5.28e-01]
8500 [5.26e-01]
8600 [5.31e-01]
8700 [5.39e-01]
8800 [5.45e-01]
8900 [5.55e-01]
9000 [5.57e-01]
9100 [5.50e-01]
9200 [5.43e-01]
9300 [5.37e-01]
9400 [5.33e-01]
9500 [5.31e-01]
9600 [5.22e-01]
9700 [5.22e-01]
9800 [5.25e-01]
9900 [5.24e-01]
10000 [5.21e-01]
10100 [5.20e-01]
10200 [5.24e-01]
10300 [5.29e-01]
10400 [5.31e-01]
10500 [5.34e-01]
10600 [5.37e-01]
10700 [5.39e-01]
10800 [5.36e-01]
10900 [5.36e-01]
11000 [5.30e-01]
11100 [5.24e-01]
11200 [5.22e-01]
11300 [5.22e-01]
11400 [5.25e-01]
11500 [5.25e-01]
11600 [5.27e-01]
11700 [5.34e-01]
11800 [5.40e-01]
11900 [5.41e-01]
12000 [5.46e-01]
12100 [5.43e-01]
12200 [5.42e-01]
12300 [5.36e-01]
12400 [5.32e-01]
12500 [5.30e-01]
12600 [5.27e-01]
12700 [5.27e-01]
12800 [5.25e-01]
12900 [5.25e-01]
13000 [5.28e-01]
13100 [5.29e-01]
13200 [5.29e-01]
13300 [5.28e-01]
13400 [5.28e-01]
13500 [5.28e-01]
13600 [5.28e-01]
13700 [5.27e-01]
13800 [5.27e-01]
13900 [5.26e-01]
14000 [5.22e-01]
14100 [5.18e-01]
14200 [5.13e-01]
14300 [5.12e-01]
14400 [5.11e-01]
14500 [5.14e-01]
14600 [5.17e-01]
14700 [5.18e-01]
14800 [5.16e-01]
14900 [5.14e-01]
15000 [5.16e-01]
15100 [5.17e-01]
15200 [5.17e-01]
15300 [5.17e-01]
15400 [5.20e-01]
15500 [5.21e-01]
15600 [5.19e-01]
15700 [5.18e-01]
15800 [5.16e-01]
15900 [5.16e-01]
16000 [5.14e-01]
16100 [5.11e-01]
16200 [5.09e-01]
16300 [5.08e-01]
16400 [5.08e-01]
16500 [5.06e-01]
16600 [5.07e-01]
16700 [5.08e-01]
16800 [5.06e-01]
16900 [5.06e-01]
17000 [5.07e-01]
17100 [5.08e-01]
17200 [5.07e-01]
17300 [5.09e-01]
17400 [5.10e-01]
17500 [5.11e-01]
17600 [5.12e-01]
17700 [5.13e-01]
17800 [5.14e-01]
17900 [5.16e-01]
18000 [5.16e-01]
18100 [5.16e-01]
18200 [5.14e-01]
18300 [5.11e-01]
18400 [5.08e-01]
18500 [5.05e-01]
18600 [5.04e-01]
18700 [5.06e-01]
18800 [5.06e-01]
18900 [5.07e-01]
19000 [5.08e-01]
19100 [5.09e-01]
19200 [5.08e-01]
19300 [5.08e-01]
19400 [5.06e-01]
19500 [5.06e-01]
19600 [5.06e-01]
19700 [5.03e-01]
19800 [5.05e-01]
19900 [5.04e-01]
20000 [5.05e-01]
20100 [5.04e-01]
20200 [5.05e-01]
20300 [5.05e-01]
20400 [5.05e-01]
20500 [5.06e-01]
20600 [5.06e-01]
20700 [5.05e-01]
20800 [5.06e-01]
20900 [5.07e-01]
21000 [5.08e-01]
21100 [5.09e-01]
21200 [5.09e-01]
21300 [5.09e-01]
21400 [5.07e-01]
21500 [5.07e-01]
21600 [5.07e-01]
21700 [5.08e-01]
21800 [5.08e-01]
21900 [5.09e-01]
22000 [5.09e-01]
22100 [5.10e-01]
22200 [5.08e-01]
22300 [5.07e-01]
22400 [5.08e-01]
22500 [5.07e-01]
22600 [5.07e-01]
22700 [5.06e-01]
22800 [5.06e-01]
22900 [5.06e-01]
23000 [5.06e-01]
23100 [5.06e-01]
23200 [5.06e-01]
23300 [5.06e-01]
23400 [5.07e-01]
23500 [5.07e-01]
23600 [5.08e-01]
23700 [5.07e-01]
23800 [5.08e-01]
23900 [5.08e-01]
24000 [5.08e-01]
24100 [5.08e-01]
24200 [5.08e-01]
24300 [5.08e-01]
24400 [5.08e-01]
24500 [5.09e-01]
24600 [5.09e-01]
24700 [5.10e-01]
24800 [5.10e-01]
24900 [5.10e-01]
25000 [5.09e-01]
25100 [5.08e-01]
25200 [5.07e-01]
25300 [5.06e-01]
25400 [5.05e-01]
25500 [5.03e-01]
25600 [5.03e-01]
25700 [5.03e-01]
25800 [5.02e-01]
25900 [5.03e-01]
26000 [5.03e-01]
26100 [5.04e-01]
26200 [5.05e-01]
26300 [5.05e-01]
26400 [5.05e-01]
26500 [5.05e-01]
26600 [5.05e-01]
26700 [5.05e-01]
26800 [5.04e-01]
26900 [5.04e-01]
27000 [5.03e-01]
27100 [5.03e-01]
27200 [5.03e-01]
27300 [5.03e-01]
27400 [5.03e-01]
27500 [5.03e-01]
27600 [5.02e-01]
27700 [5.02e-01]
27800 [5.02e-01]
27900 [5.01e-01]
28000 [5.01e-01]
28100 [5.01e-01]
28200 [5.01e-01]
28300 [5.01e-01]
28400 [5.02e-01]
28500 [5.01e-01]
28600 [5.02e-01]
28700 [5.02e-01]
28800 [5.02e-01]
28900 [5.03e-01]
29000 [5.03e-01]
29100 [5.03e-01]
29200 [5.04e-01]
29300 [5.03e-01]
29400 [5.02e-01]
29500 [5.01e-01]
29600 [5.00e-01]
29700 [5.00e-01]
29800 [5.00e-01]
29900 [5.01e-01]
30000 [5.01e-01]
30100 [5.02e-01]
30200 [5.02e-01]
30300 [5.03e-01]
30400 [5.04e-01]
30500 [5.05e-01]
30600 [5.05e-01]
30700 [5.07e-01]
30800 [5.07e-01]
30900 [5.08e-01]
31000 [5.08e-01]
31100 [5.08e-01]
31200 [5.08e-01]
31300 [5.07e-01]
31400 [5.07e-01]
31500 [5.07e-01]
31600 [5.06e-01]
31700 [5.06e-01]
31800 [5.06e-01]
31900 [5.05e-01]
32000 [5.05e-01]
32100 [5.05e-01]
32200 [5.04e-01]
32300 [5.04e-01]
32400 [5.03e-01]
32500 [5.02e-01]
32600 [5.01e-01]
32700 [5.00e-01]
32800 [4.99e-01]
32900 [4.98e-01]
33000 [4.98e-01]
33100 [4.98e-01]
33200 [4.98e-01]
33300 [4.99e-01]
33400 [4.99e-01]
33500 [5.00e-01]
33600 [5.00e-01]
33700 [5.01e-01]
33800 [5.01e-01]
33900 [5.02e-01]
34000 [5.02e-01]
34100 [5.02e-01]
34200 [5.03e-01]
34300 [5.04e-01]
34400 [5.04e-01]
34500 [5.04e-01]
34600 [5.04e-01]
34700 [5.04e-01]
34800 [5.04e-01]
34900 [5.04e-01]
35000 [5.05e-01]
35100 [5.05e-01]
35200 [5.05e-01]
35300 [5.05e-01]
35400 [5.05e-01]
35500 [5.05e-01]
35600 [5.05e-01]
35700 [5.05e-01]
35800 [5.04e-01]
35900 [5.04e-01]
36000 [5.04e-01]
36100 [5.04e-01]
36200 [5.04e-01]
36300 [5.04e-01]
36400 [5.04e-01]
36500 [5.04e-01]
36600 [5.04e-01]
36700 [5.03e-01]
36800 [5.02e-01]
36900 [5.02e-01]
37000 [5.02e-01]
37100 [5.01e-01]
37200 [5.01e-01]
37300 [5.02e-01]
37400 [5.02e-01]
37500 [5.00e-01]
37600 [5.00e-01]
37700 [5.00e-01]
37800 [5.00e-01]
37900 [5.00e-01]
38000 [5.00e-01]
38100 [4.99e-01]
38200 [5.00e-01]
38300 [5.00e-01]
38400 [5.01e-01]
38500 [5.03e-01]
38600 [5.04e-01]
38700 [5.05e-01]
38800 [5.06e-01]
38900 [5.06e-01]
39000 [5.06e-01]
39100 [5.05e-01]
39200 [5.05e-01]
39300 [5.05e-01]
39400 [5.05e-01]
39500 [5.05e-01]
39600 [5.04e-01]
39700 [5.04e-01]
39800 [5.03e-01]
39900 [5.04e-01]
40000 [5.02e-01]
40100 [5.01e-01]
40200 [5.01e-01]
40300 [5.01e-01]
40400 [5.01e-01]
40500 [5.01e-01]
40600 [5.01e-01]
40700 [5.00e-01]
40800 [5.01e-01]
40900 [5.01e-01]
41000 [5.01e-01]
41100 [5.02e-01]
41200 [5.03e-01]
41300 [5.03e-01]
41400 [5.03e-01]
41500 [5.03e-01]
41600 [5.03e-01]
41700 [5.03e-01]
41800 [5.03e-01]
41900 [5.03e-01]
42000 [5.03e-01]
42100 [5.03e-01]
42200 [5.02e-01]
42300 [5.01e-01]
42400 [5.00e-01]
42500 [5.00e-01]
42600 [5.00e-01]
42700 [5.00e-01]
42800 [4.99e-01]
42900 [4.99e-01]
43000 [5.00e-01]
43100 [5.00e-01]
43200 [5.01e-01]
43300 [5.01e-01]
43400 [5.00e-01]
43500 [5.01e-01]
43600 [5.01e-01]
43700 [5.01e-01]
43800 [5.01e-01]
43900 [5.02e-01]
44000 [5.02e-01]
44100 [5.02e-01]
44200 [5.02e-01]
44300 [5.02e-01]
44400 [5.02e-01]
44500 [5.01e-01]
44600 [5.01e-01]
44700 [5.01e-01]
44800 [5.01e-01]
44900 [5.01e-01]
45000 [5.02e-01]
45100 [5.01e-01]
45200 [5.01e-01]
45300 [5.02e-01]
45400 [5.02e-01]
45500 [5.02e-01]
45600 [5.02e-01]
45700 [5.03e-01]
45800 [5.02e-01]
45900 [5.02e-01]
46000 [5.02e-01]
46100 [5.02e-01]
46200 [5.02e-01]
46300 [5.02e-01]
46400 [5.01e-01]
46500 [5.01e-01]
46600 [5.01e-01]
46700 [5.01e-01]
46800 [5.01e-01]
46900 [5.01e-01]
47000 [5.01e-01]
47100 [5.01e-01]
47200 [5.01e-01]
47300 [5.01e-01]
47400 [5.00e-01]
47500 [5.00e-01]
47600 [5.00e-01]
47700 [5.00e-01]
47800 [5.00e-01]
47900 [5.00e-01]
48000 [5.00e-01]
48100 [5.00e-01]
48200 [5.01e-01]
48300 [5.01e-01]
48400 [5.01e-01]
48500 [5.01e-01]
48600 [5.01e-01]
48700 [5.01e-01]
48800 [5.01e-01]
48900 [5.01e-01]
49000 [5.00e-01]
49100 [5.00e-01]
49200 [5.00e-01]
49300 [5.00e-01]
49400 [4.99e-01]
49500 [4.99e-01]
49600 [4.99e-01]
49700 [5.00e-01]
49800 [5.00e-01]
49900 [5.00e-01]
50000 [5.00e-01]
50100 [4.99e-01]
50200 [5.00e-01]
50300 [5.00e-01]
50400 [5.00e-01]
50500 [5.00e-01]
50600 [5.01e-01]
50700 [5.01e-01]
50800 [5.02e-01]
50900 [5.03e-01]
51000 [5.03e-01]
51100 [5.03e-01]
51200 [5.03e-01]
51300 [5.03e-01]
51400 [5.03e-01]
51500 [5.03e-01]
51600 [5.04e-01]
51700 [5.03e-01]
51800 [5.03e-01]
51900 [5.03e-01]
52000 [5.02e-01]
52100 [5.02e-01]
52200 [5.02e-01]
52300 [5.01e-01]
52400 [5.01e-01]
52500 [5.01e-01]
52600 [5.01e-01]
52700 [5.01e-01]
52800 [5.00e-01]
52900 [5.00e-01]
53000 [4.99e-01]
53100 [4.99e-01]
53200 [4.98e-01]
53300 [4.98e-01]
53400 [4.98e-01]
53500 [4.98e-01]
53600 [4.98e-01]
53700 [4.98e-01]
53800 [4.99e-01]
53900 [4.99e-01]
54000 [5.00e-01]
54100 [5.00e-01]
54200 [5.00e-01]
54300 [5.00e-01]
54400 [5.00e-01]
54500 [5.00e-01]
54600 [5.00e-01]
54700 [5.01e-01]
54800 [5.01e-01]
54900 [5.01e-01]
55000 [5.01e-01]
55100 [5.01e-01]
55200 [5.01e-01]
55300 [5.01e-01]
55400 [5.02e-01]
55500 [5.03e-01]
55600 [5.03e-01]
55700 [5.03e-01]
55800 [5.04e-01]
55900 [5.04e-01]
56000 [5.03e-01]
56100 [5.03e-01]
56200 [5.03e-01]
56300 [5.02e-01]
56400 [5.02e-01]
56500 [5.02e-01]
56600 [5.01e-01]
56700 [5.01e-01]
56800 [5.00e-01]
56900 [4.99e-01]
57000 [4.99e-01]
57100 [4.99e-01]
57200 [4.98e-01]
57300 [4.99e-01]
57400 [4.98e-01]
57500 [4.99e-01]
57600 [4.99e-01]
57700 [4.99e-01]
57800 [4.99e-01]
57900 [4.99e-01]
58000 [4.99e-01]
58100 [5.00e-01]
58200 [5.00e-01]
58300 [5.00e-01]
58400 [5.00e-01]
58500 [5.01e-01]
58600 [5.01e-01]
58700 [5.01e-01]
58800 [5.02e-01]
58900 [5.02e-01]
59000 [5.02e-01]
59100 [5.01e-01]
59200 [5.01e-01]
59300 [5.01e-01]
59400 [5.01e-01]
59500 [5.01e-01]
59600 [5.01e-01]
59700 [5.00e-01]
59800 [5.00e-01]
59900 [5.00e-01]
60000 [4.99e-01]
60100 [4.98e-01]
60200 [4.98e-01]
60300 [4.97e-01]
60400 [4.96e-01]
60500 [4.96e-01]
60600 [4.96e-01]
60700 [4.96e-01]
60800 [4.97e-01]
60900 [4.97e-01]
61000 [4.98e-01]
61100 [4.98e-01]
61200 [4.99e-01]
61300 [4.99e-01]
61400 [5.00e-01]
61500 [5.00e-01]
61600 [5.00e-01]
61700 [5.00e-01]
61800 [5.00e-01]
61900 [5.00e-01]
62000 [5.00e-01]
62100 [5.00e-01]
62200 [4.99e-01]
62300 [4.99e-01]
62400 [4.98e-01]
62500 [4.98e-01]
62600 [4.99e-01]
62700 [4.99e-01]
62800 [4.99e-01]
62900 [4.99e-01]
63000 [4.99e-01]
63100 [5.00e-01]
63200 [5.00e-01]
63300 [5.00e-01]
63400 [5.01e-01]
63500 [5.01e-01]
63600 [5.01e-01]
63700 [5.00e-01]
63800 [5.00e-01]
63900 [5.00e-01]
64000 [5.00e-01]
64100 [5.01e-01]
64200 [5.01e-01]
64300 [5.02e-01]
64400 [5.02e-01]
64500 [5.02e-01]
64600 [5.02e-01]
64700 [5.02e-01]
64800 [5.01e-01]
64900 [5.02e-01]
65000 [5.02e-01]
65100 [5.01e-01]
65200 [5.01e-01]
65300 [5.01e-01]
65400 [5.01e-01]
65500 [5.00e-01]
65600 [5.00e-01]
65700 [5.00e-01]
65800 [5.00e-01]
65900 [4.99e-01]
66000 [4.98e-01]
66100 [4.98e-01]
66200 [4.98e-01]
66300 [4.97e-01]
66400 [4.97e-01]
66500 [4.97e-01]
66600 [4.96e-01]
66700 [4.96e-01]
66800 [4.96e-01]
66900 [4.97e-01]
67000 [4.97e-01]
67100 [4.98e-01]
67200 [4.98e-01]
67300 [4.99e-01]
67400 [4.99e-01]
67500 [4.99e-01]
67600 [5.00e-01]
67700 [5.00e-01]
67800 [5.00e-01]
67900 [5.00e-01]
68000 [5.00e-01]
68100 [5.00e-01]
68200 [5.00e-01]
68300 [5.00e-01]
68400 [5.00e-01]
68500 [5.00e-01]
68600 [5.00e-01]
68700 [5.00e-01]
68800 [5.00e-01]
68900 [5.00e-01]
69000 [5.00e-01]
69100 [5.00e-01]
69200 [5.01e-01]
69300 [5.01e-01]
69400 [5.01e-01]
69500 [5.02e-01]
69600 [5.02e-01]
69700 [5.02e-01]
69800 [5.02e-01]
69900 [5.02e-01]
70000 [5.03e-01]
70100 [5.03e-01]
70200 [5.03e-01]
70300 [5.03e-01]
70400 [5.03e-01]
70500 [5.03e-01]
70600 [5.02e-01]
70700 [5.01e-01]
70800 [5.01e-01]
70900 [5.00e-01]
71000 [5.00e-01]
71100 [5.00e-01]
71200 [4.99e-01]
71300 [4.99e-01]
71400 [4.99e-01]
71500 [4.99e-01]
71600 [4.99e-01]
71700 [4.99e-01]
71800 [5.00e-01]
71900 [5.00e-01]
72000 [5.00e-01]
72100 [5.00e-01]
72200 [5.00e-01]
72300 [5.00e-01]
72400 [5.01e-01]
72500 [5.01e-01]
72600 [5.01e-01]
72700 [5.01e-01]
72800 [5.01e-01]
72900 [5.01e-01]
73000 [5.01e-01]
73100 [5.01e-01]
73200 [5.01e-01]
73300 [5.01e-01]
73400 [5.01e-01]
73500 [5.00e-01]
73600 [5.00e-01]
73700 [5.00e-01]
73800 [5.00e-01]
73900 [5.00e-01]
74000 [5.00e-01]
74100 [5.01e-01]
74200 [5.01e-01]
74300 [5.00e-01]
74400 [5.00e-01]
74500 [5.00e-01]
74600 [5.00e-01]
74700 [5.00e-01]
74800 [5.00e-01]
74900 [5.00e-01]
75000 [5.00e-01]
75100 [5.00e-01]
75200 [5.00e-01]
75300 [5.00e-01]
75400 [5.00e-01]
75500 [5.00e-01]
75600 [5.00e-01]
75700 [5.00e-01]
75800 [5.00e-01]
75900 [5.00e-01]
76000 [5.00e-01]
76100 [5.01e-01]
76200 [5.01e-01]
76300 [5.01e-01]
76400 [5.01e-01]
76500 [5.01e-01]
76600 [5.00e-01]
76700 [5.00e-01]
76800 [5.00e-01]
76900 [5.00e-01]
77000 [5.00e-01]
77100 [5.00e-01]
77200 [5.00e-01]
77300 [5.00e-01]
77400 [5.00e-01]
77500 [5.00e-01]
77600 [5.01e-01]
77700 [5.01e-01]
77800 [5.01e-01]
77900 [5.02e-01]
78000 [5.02e-01]
78100 [5.02e-01]
78200 [5.02e-01]
78300 [5.02e-01]
78400 [5.02e-01]
78500 [5.02e-01]
78600 [5.02e-01]
78700 [5.02e-01]
78800 [5.02e-01]
78900 [5.02e-01]
79000 [5.01e-01]
79100 [5.01e-01]
79200 [5.01e-01]
79300 [5.01e-01]
79400 [5.01e-01]
79500 [5.00e-01]
79600 [5.00e-01]
79700 [5.00e-01]
79800 [5.00e-01]
79900 [5.00e-01]
80000 [5.00e-01]
80100 [4.99e-01]
80200 [4.99e-01]
80300 [4.99e-01]
80400 [4.99e-01]
80500 [4.99e-01]
80600 [4.99e-01]
80700 [4.99e-01]
80800 [4.99e-01]
80900 [4.99e-01]
81000 [4.99e-01]
81100 [5.00e-01]
81200 [5.00e-01]
81300 [5.00e-01]
81400 [5.00e-01]
81500 [5.00e-01]
81600 [5.00e-01]
81700 [5.00e-01]
81800 [5.00e-01]
81900 [5.00e-01]
82000 [5.00e-01]
82100 [5.00e-01]
82200 [5.00e-01]
82300 [5.01e-01]
82400 [5.00e-01]
82500 [5.00e-01]
82600 [5.00e-01]
82700 [5.00e-01]
82800 [5.00e-01]
82900 [5.01e-01]
83000 [5.01e-01]
83100 [5.01e-01]
83200 [5.01e-01]
83300 [5.02e-01]
83400 [5.02e-01]
83500 [5.02e-01]
83600 [5.02e-01]
83700 [5.02e-01]
83800 [5.02e-01]
83900 [5.03e-01]
84000 [5.02e-01]
84100 [5.02e-01]
84200 [5.03e-01]
84300 [5.02e-01]
84400 [5.02e-01]
84500 [5.02e-01]
84600 [5.02e-01]
84700 [5.02e-01]
84800 [5.02e-01]
84900 [5.02e-01]
85000 [5.02e-01]
85100 [5.02e-01]
85200 [5.02e-01]
85300 [5.02e-01]
85400 [5.02e-01]
85500 [5.02e-01]
85600 [5.02e-01]
85700 [5.02e-01]
85800 [5.02e-01]
85900 [5.02e-01]
86000 [5.02e-01]
86100 [5.02e-01]
86200 [5.01e-01]
86300 [5.02e-01]
86400 [5.02e-01]
86500 [5.02e-01]
86600 [5.01e-01]
86700 [5.01e-01]
86800 [5.01e-01]
86900 [5.01e-01]
87000 [5.00e-01]
87100 [5.00e-01]
87200 [4.99e-01]
87300 [4.99e-01]
87400 [4.99e-01]
87500 [4.99e-01]
87600 [4.99e-01]
87700 [4.99e-01]
87800 [5.00e-01]
87900 [5.00e-01]
88000 [5.00e-01]
88100 [5.00e-01]
88200 [5.01e-01]
88300 [5.01e-01]
88400 [5.01e-01]
88500 [5.01e-01]
88600 [5.01e-01]
88700 [5.01e-01]
88800 [5.01e-01]
88900 [5.01e-01]
89000 [5.01e-01]
89100 [5.02e-01]
89200 [5.02e-01]
89300 [5.02e-01]
89400 [5.02e-01]
89500 [5.02e-01]
89600 [5.02e-01]
89700 [5.02e-01]
89800 [5.02e-01]
89900 [5.02e-01]
90000 [5.01e-01]
90100 [5.01e-01]
90200 [5.01e-01]
90300 [5.01e-01]
90400 [5.01e-01]
90500 [5.00e-01]
90600 [5.00e-01]
90700 [5.00e-01]
90800 [5.00e-01]
90900 [5.00e-01]
91000 [5.00e-01]
91100 [5.00e-01]
91200 [5.00e-01]
91300 [5.00e-01]
91400 [5.00e-01]
91500 [5.01e-01]
91600 [5.01e-01]
91700 [5.01e-01]
91800 [5.01e-01]
91900 [5.01e-01]
92000 [5.02e-01]
92100 [5.02e-01]
92200 [5.02e-01]
92300 [5.01e-01]
92400 [5.01e-01]
92500 [5.01e-01]
92600 [5.01e-01]
92700 [5.01e-01]
92800 [5.01e-01]
92900 [5.01e-01]
93000 [5.00e-01]
93100 [5.00e-01]
93200 [5.00e-01]
93300 [5.00e-01]
93400 [5.00e-01]
93500 [5.00e-01]
93600 [5.00e-01]
93700 [5.00e-01]
93800 [5.00e-01]
93900 [5.00e-01]
94000 [5.00e-01]
94100 [5.00e-01]
94200 [5.00e-01]
94300 [5.00e-01]
94400 [5.00e-01]
94500 [5.00e-01]
94600 [5.00e-01]
94700 [5.00e-01]
94800 [5.00e-01]
94900 [5.00e-01]
95000 [5.00e-01]
95100 [5.00e-01]
95200 [5.00e-01]
95300 [5.00e-01]
95400 [5.00e-01]
95500 [5.00e-01]
95600 [5.01e-01]
95700 [5.01e-01]
95800 [5.01e-01]
95900 [5.01e-01]
96000 [5.01e-01]
96100 [5.01e-01]
96200 [5.01e-01]
96300 [5.01e-01]
96400 [5.01e-01]
96500 [5.01e-01]
96600 [5.01e-01]
96700 [5.01e-01]
96800 [5.01e-01]
96900 [5.01e-01]
97000 [5.01e-01]
97100 [5.00e-01]
97200 [5.01e-01]
97300 [5.01e-01]
97400 [5.00e-01]
97500 [5.00e-01]
97600 [5.00e-01]
97700 [5.00e-01]
97800 [5.00e-01]
97900 [5.00e-01]
98000 [5.00e-01]
98100 [5.00e-01]
98200 [5.00e-01]
98300 [5.00e-01]
98400 [5.00e-01]
98500 [5.00e-01]
98600 [5.00e-01]
98700 [5.00e-01]
98800 [5.01e-01]
98900 [5.01e-01]
99000 [5.01e-01]
99100 [5.01e-01]
99200 [5.01e-01]
99300 [5.01e-01]
99400 [5.02e-01]
99500 [5.02e-01]
99600 [5.02e-01]
99700 [5.02e-01]
99800 [5.01e-01]
99900 [5.01e-01]
100000 [5.01e-01]
100100 [5.01e-01]
100200 [5.01e-01]
100300 [5.01e-01]
100400 [5.00e-01]
100500 [5.00e-01]
100600 [5.00e-01]
100700 [5.00e-01]
100800 [5.00e-01]
100900 [5.00e-01]
101000 [5.00e-01]
101100 [5.00e-01]
101200 [5.00e-01]
101300 [5.00e-01]
101400 [5.00e-01]
101500 [5.00e-01]
101600 [5.00e-01]
101700 [5.00e-01]
101800 [5.00e-01]
101900 [5.01e-01]
102000 [5.01e-01]
102100 [5.01e-01]
102200 [5.01e-01]
102300 [5.01e-01]
102400 [5.01e-01]
102500 [5.01e-01]
102600 [5.01e-01]
102700 [5.01e-01]
102800 [5.01e-01]
102900 [5.01e-01]
103000 [5.01e-01]
103100 [5.01e-01]
103200 [5.01e-01]
103300 [5.01e-01]
103400 [5.01e-01]
103500 [5.01e-01]
103600 [5.01e-01]
103700 [5.01e-01]
103800 [5.01e-01]
103900 [5.01e-01]
104000 [5.01e-01]
104100 [5.01e-01]
104200 [5.01e-01]
104300 [5.01e-01]
104400 [5.01e-01]
104500 [5.01e-01]
104600 [5.01e-01]
104700 [5.01e-01]
104800 [5.01e-01]
104900 [5.01e-01]
105000 [5.01e-01]
105100 [5.01e-01]
105200 [5.01e-01]
105300 [5.01e-01]
105400 [5.01e-01]
105500 [5.01e-01]
105600 [5.01e-01]
105700 [5.01e-01]
105800 [5.01e-01]
105900 [5.01e-01]
106000 [5.01e-01]
106100 [5.01e-01]
106200 [5.01e-01]
106300 [5.01e-01]
106400 [5.01e-01]
106500 [5.00e-01]
106600 [5.00e-01]
106700 [5.00e-01]
106800 [5.00e-01]
106900 [5.01e-01]
107000 [5.01e-01]
107100 [5.01e-01]
107200 [5.01e-01]
107300 [5.01e-01]
107400 [5.01e-01]
107500 [5.01e-01]
107600 [5.01e-01]
107700 [5.01e-01]
107800 [5.01e-01]
107900 [5.01e-01]
108000 [5.01e-01]
108100 [5.01e-01]
108200 [5.01e-01]
108300 [5.01e-01]
108400 [5.01e-01]
108500 [5.00e-01]
108600 [5.00e-01]
108700 [5.01e-01]
108800 [5.01e-01]
108900 [5.01e-01]
109000 [5.01e-01]
109100 [5.01e-01]
109200 [5.01e-01]
109300 [5.01e-01]
109400 [5.01e-01]
109500 [5.01e-01]
109600 [5.01e-01]
109700 [5.01e-01]
109800 [5.01e-01]
109900 [5.01e-01]
110000 [5.01e-01]
110100 [5.01e-01]
110200 [5.01e-01]
110300 [5.01e-01]
110400 [5.01e-01]
110500 [5.01e-01]
110600 [5.01e-01]
110700 [5.01e-01]
110800 [5.02e-01]
110900 [5.01e-01]
111000 [5.01e-01]
111100 [5.01e-01]
111200 [5.01e-01]
111300 [5.01e-01]
111400 [5.01e-01]
111500 [5.01e-01]
111600 [5.00e-01]
111700 [5.00e-01]
111800 [5.00e-01]
111900 [5.00e-01]
112000 [5.00e-01]
112100 [5.00e-01]
112200 [5.00e-01]
112300 [4.99e-01]
112400 [5.00e-01]
112500 [5.00e-01]
112600 [5.00e-01]
112700 [5.00e-01]
112800 [5.00e-01]
112900 [5.00e-01]
113000 [5.00e-01]
113100 [5.00e-01]
113200 [5.00e-01]
113300 [5.00e-01]
113400 [5.00e-01]
113500 [5.00e-01]
113600 [5.00e-01]
113700 [5.00e-01]
113800 [5.00e-01]
113900 [5.00e-01]
114000 [5.00e-01]
114100 [5.00e-01]
114200 [5.00e-01]
114300 [5.00e-01]
114400 [5.00e-01]
114500 [5.00e-01]
114600 [5.00e-01]
114700 [5.00e-01]
114800 [5.00e-01]
114900 [5.00e-01]
115000 [5.00e-01]
115100 [5.00e-01]
115200 [5.00e-01]
115300 [5.00e-01]
115400 [5.00e-01]
115500 [5.00e-01]
115600 [5.00e-01]
115700 [5.00e-01]
115800 [5.00e-01]
115900 [5.00e-01]
116000 [5.00e-01]
116100 [5.00e-01]
116200 [5.00e-01]
116300 [5.00e-01]
116400 [5.00e-01]
116500 [5.00e-01]
116600 [5.00e-01]
116700 [5.00e-01]
116800 [5.00e-01]
116900 [5.00e-01]
117000 [5.00e-01]
117100 [5.00e-01]
117200 [5.00e-01]
117300 [5.00e-01]
117400 [5.00e-01]
117500 [5.00e-01]
117600 [5.00e-01]
117700 [5.00e-01]
117800 [5.00e-01]
117900 [5.00e-01]
118000 [5.00e-01]
118100 [5.00e-01]
118200 [5.00e-01]
118300 [5.01e-01]
118400 [5.01e-01]
118500 [5.01e-01]
118600 [5.01e-01]
118700 [5.01e-01]
118800 [5.01e-01]
118900 [5.01e-01]
119000 [5.01e-01]
119100 [5.01e-01]
119200 [5.01e-01]
119300 [5.01e-01]
119400 [5.01e-01]
119500 [5.01e-01]
119600 [5.01e-01]
119700 [5.01e-01]
119800 [5.01e-01]
119900 [5.00e-01]
120000 [5.00e-01]
120100 [5.00e-01]
120200 [5.00e-01]
120300 [5.00e-01]
120400 [5.00e-01]
120500 [5.00e-01]
120600 [5.00e-01]
120700 [5.00e-01]
120800 [5.00e-01]
120900 [5.00e-01]
121000 [5.00e-01]
121100 [5.00e-01]
121200 [5.00e-01]
121300 [5.00e-01]
121400 [5.00e-01]
121500 [5.00e-01]
121600 [5.00e-01]
121700 [5.00e-01]
121800 [5.00e-01]
121900 [5.00e-01]
122000 [5.00e-01]
122100 [5.00e-01]
122200 [5.00e-01]
122300 [5.00e-01]
122400 [5.00e-01]
122500 [5.00e-01]
122600 [5.00e-01]
122700 [5.00e-01]
122800 [5.00e-01]
122900 [5.00e-01]
123000 [5.00e-01]
123100 [5.00e-01]
123200 [5.00e-01]
123300 [5.00e-01]
123400 [5.01e-01]
123500 [5.01e-01]
123600 [5.00e-01]
123700 [5.00e-01]
123800 [5.01e-01]
123900 [5.01e-01]
124000 [5.01e-01]
124100 [5.01e-01]
124200 [5.01e-01]
124300 [5.01e-01]
124400 [5.01e-01]
124500 [5.01e-01]
124600 [5.01e-01]
124700 [5.01e-01]
124800 [5.01e-01]
124900 [5.01e-01]
125000 [5.01e-01]
125100 [5.01e-01]
125200 [5.01e-01]
125300 [5.01e-01]
125400 [5.01e-01]
125500 [5.01e-01]
125600 [5.01e-01]
125700 [5.01e-01]
125800 [5.01e-01]
125900 [5.01e-01]
126000 [5.01e-01]
126100 [5.00e-01]
126200 [5.00e-01]
126300 [5.00e-01]
126400 [5.00e-01]
126500 [5.00e-01]
126600 [5.00e-01]
126700 [4.99e-01]
126800 [4.99e-01]
126900 [4.99e-01]
127000 [4.99e-01]
127100 [4.99e-01]
127200 [4.99e-01]
127300 [4.99e-01]
127400 [4.99e-01]
127500 [5.00e-01]
127600 [5.00e-01]
127700 [5.00e-01]
127800 [5.00e-01]
127900 [5.00e-01]
128000 [5.00e-01]
128100 [5.00e-01]
128200 [5.00e-01]
128300 [5.00e-01]
128400 [5.00e-01]
128500 [5.00e-01]
128600 [5.01e-01]
128700 [5.01e-01]
128800 [5.01e-01]
128900 [5.01e-01]
129000 [5.01e-01]
129100 [5.01e-01]
129200 [5.01e-01]
129300 [5.01e-01]
129400 [5.01e-01]
129500 [5.01e-01]
129600 [5.01e-01]
129700 [5.02e-01]
129800 [5.02e-01]
129900 [5.02e-01]
130000 [5.02e-01]
130100 [5.02e-01]
130200 [5.02e-01]
130300 [5.02e-01]
130400 [5.01e-01]
130500 [5.01e-01]
130600 [5.01e-01]
130700 [5.01e-01]
130800 [5.01e-01]
130900 [5.01e-01]
131000 [5.00e-01]
131100 [5.00e-01]
131200 [5.00e-01]
131300 [5.00e-01]
131400 [5.00e-01]
131500 [5.00e-01]
131600 [5.00e-01]
131700 [5.00e-01]
131800 [5.00e-01]
131900 [5.00e-01]
132000 [5.00e-01]
132100 [5.00e-01]
132200 [5.00e-01]
132300 [5.00e-01]
132400 [5.01e-01]
132500 [5.01e-01]
132600 [5.01e-01]
132700 [5.01e-01]
132800 [5.01e-01]
132900 [5.01e-01]
133000 [5.01e-01]
133100 [5.01e-01]
133200 [5.01e-01]
133300 [5.01e-01]
133400 [5.01e-01]
133500 [5.01e-01]
133600 [5.01e-01]
133700 [5.01e-01]
133800 [5.01e-01]
133900 [5.01e-01]
134000 [5.01e-01]
134100 [5.01e-01]
134200 [5.01e-01]
134300 [5.01e-01]
134400 [5.01e-01]
134500 [5.01e-01]
134600 [5.00e-01]
134700 [5.01e-01]
134800 [5.00e-01]
134900 [5.01e-01]
135000 [5.00e-01]
135100 [5.00e-01]
135200 [5.01e-01]
135300 [5.01e-01]
135400 [5.01e-01]
135500 [5.01e-01]
135600 [5.01e-01]
135700 [5.01e-01]
135800 [5.01e-01]
135900 [5.01e-01]
136000 [5.01e-01]
136100 [5.01e-01]
136200 [5.01e-01]
136300 [5.01e-01]
136400 [5.01e-01]
136500 [5.01e-01]
136600 [5.01e-01]
136700 [5.01e-01]
136800 [5.00e-01]
136900 [5.00e-01]
137000 [5.00e-01]
137100 [5.00e-01]
137200 [5.00e-01]
137300 [5.00e-01]
137400 [5.00e-01]
137500 [5.00e-01]
137600 [5.00e-01]
137700 [5.00e-01]
137800 [5.00e-01]
137900 [5.00e-01]
138000 [5.01e-01]
138100 [5.01e-01]
138200 [5.01e-01]
138300 [5.01e-01]
138400 [5.01e-01]
138500 [5.01e-01]
138600 [5.01e-01]
138700 [5.01e-01]
138800 [5.01e-01]
138900 [5.01e-01]
139000 [5.01e-01]
139100 [5.01e-01]
139200 [5.01e-01]
139300 [5.01e-01]
139400 [5.00e-01]
139500 [5.00e-01]
139600 [5.00e-01]
139700 [5.00e-01]
139800 [5.00e-01]
139900 [5.00e-01]
140000 [5.00e-01]
140100 [5.00e-01]
140200 [5.00e-01]
140300 [5.00e-01]
140400 [5.01e-01]
140500 [5.01e-01]
140600 [5.01e-01]
140700 [5.00e-01]
140800 [5.00e-01]
140900 [5.00e-01]
141000 [5.00e-01]
141100 [5.00e-01]
141200 [5.00e-01]
141300 [5.00e-01]
141400 [5.00e-01]
141500 [5.00e-01]
141600 [5.00e-01]
141700 [5.00e-01]
141800 [5.00e-01]
141900 [5.01e-01]
142000 [5.01e-01]
142100 [5.01e-01]
142200 [5.01e-01]
142300 [5.01e-01]
142400 [5.01e-01]
142500 [5.01e-01]
142600 [5.01e-01]
142700 [5.01e-01]
142800 [5.01e-01]
142900 [5.01e-01]
143000 [5.01e-01]
143100 [5.01e-01]
143200 [5.01e-01]
143300 [5.01e-01]
143400 [5.01e-01]
143500 [5.01e-01]
143600 [5.01e-01]
143700 [5.01e-01]
143800 [5.01e-01]
143900 [5.01e-01]
144000 [5.01e-01]
144100 [5.01e-01]
144200 [5.01e-01]
144300 [5.01e-01]
144400 [5.01e-01]
144500 [5.01e-01]
144600 [5.01e-01]
144700 [5.01e-01]
144800 [5.01e-01]
144900 [5.01e-01]
145000 [5.01e-01]
145100 [5.01e-01]
145200 [5.01e-01]
145300 [5.00e-01]
145400 [5.00e-01]
145500 [5.00e-01]
145600 [5.00e-01]
145700 [5.00e-01]
145800 [5.00e-01]
145900 [5.00e-01]
146000 [5.00e-01]
146100 [5.00e-01]
146200 [5.00e-01]
146300 [5.00e-01]
146400 [5.00e-01]
146500 [5.01e-01]
146600 [5.01e-01]
146700 [5.01e-01]
146800 [5.01e-01]
146900 [5.01e-01]
147000 [5.01e-01]
147100 [5.01e-01]
147200 [5.01e-01]
147300 [5.01e-01]
147400 [5.01e-01]
147500 [5.01e-01]
147600 [5.01e-01]
147700 [5.01e-01]
147800 [5.01e-01]
147900 [5.01e-01]
148000 [5.01e-01]
148100 [5.01e-01]
148200 [5.01e-01]
148300 [5.01e-01]
148400 [5.01e-01]
148500 [5.01e-01]
148600 [5.01e-01]
148700 [5.01e-01]
148800 [5.01e-01]
148900 [5.01e-01]
149000 [5.01e-01]
149100 [5.01e-01]
149200 [5.01e-01]
149300 [5.01e-01]
149400 [5.01e-01]
149500 [5.01e-01]
149600 [5.01e-01]
149700 [5.01e-01]
149800 [5.01e-01]
149900 [5.01e-01]
150000 [5.01e-01]
150100 [5.01e-01]
150200 [5.01e-01]
150300 [5.01e-01]
150400 [5.01e-01]
150500 [5.01e-01]
150600 [5.01e-01]
150700 [5.01e-01]
150800 [5.01e-01]
150900 [5.01e-01]
151000 [5.01e-01]
151100 [5.01e-01]
151200 [5.01e-01]
151300 [5.01e-01]
151400 [5.01e-01]
151500 [5.01e-01]
151600 [5.01e-01]
151700 [5.01e-01]
151800 [5.01e-01]
151900 [5.01e-01]
152000 [5.01e-01]
152100 [5.01e-01]
152200 [5.01e-01]
152300 [5.01e-01]
152400 [5.01e-01]
152500 [5.01e-01]
152600 [5.01e-01]
152700 [5.01e-01]
152800 [5.01e-01]
152900 [5.01e-01]
153000 [5.01e-01]
153100 [5.01e-01]
153200 [5.01e-01]
153300 [5.01e-01]
153400 [5.01e-01]
153500 [5.01e-01]
153600 [5.01e-01]
153700 [5.01e-01]
153800 [5.01e-01]
153900 [5.01e-01]
154000 [5.01e-01]
154100 [5.01e-01]
154200 [5.01e-01]
154300 [5.01e-01]
154400 [5.01e-01]
154500 [5.01e-01]
154600 [5.01e-01]
154700 [5.01e-01]
154800 [5.01e-01]
154900 [5.01e-01]
155000 [5.01e-01]
155100 [5.01e-01]
155200 [5.00e-01]
155300 [5.00e-01]
155400 [5.00e-01]
155500 [5.00e-01]
155600 [5.00e-01]
155700 [5.00e-01]
155800 [5.00e-01]
155900 [5.00e-01]
156000 [5.00e-01]
156100 [5.00e-01]
156200 [5.00e-01]
156300 [5.00e-01]
156400 [5.00e-01]
156500 [5.00e-01]
156600 [5.00e-01]
156700 [5.00e-01]
156800 [5.00e-01]
156900 [5.00e-01]
157000 [5.00e-01]
157100 [5.00e-01]
157200 [5.00e-01]
157300 [5.00e-01]
157400 [5.00e-01]
157500 [5.00e-01]
157600 [5.00e-01]
157700 [5.01e-01]
157800 [5.01e-01]
157900 [5.01e-01]
158000 [5.01e-01]
158100 [5.01e-01]
158200 [5.01e-01]
158300 [5.01e-01]
158400 [5.01e-01]
158500 [5.01e-01]
158600 [5.01e-01]
158700 [5.01e-01]
158800 [5.01e-01]
158900 [5.01e-01]
159000 [5.01e-01]
159100 [5.01e-01]
159200 [5.00e-01]
159300 [5.00e-01]
159400 [5.00e-01]
159500 [5.01e-01]
159600 [5.00e-01]
159700 [5.01e-01]
159800 [5.00e-01]
159900 [5.01e-01]
160000 [5.01e-01]
160100 [5.01e-01]
160200 [5.01e-01]
160300 [5.01e-01]
160400 [5.01e-01]
160500 [5.01e-01]
160600 [5.01e-01]
160700 [5.01e-01]
160800 [5.01e-01]
160900 [5.01e-01]
161000 [5.01e-01]
161100 [5.01e-01]
161200 [5.01e-01]
161300 [5.01e-01]
161400 [5.01e-01]
161500 [5.01e-01]
161600 [5.01e-01]
161700 [5.01e-01]
161800 [5.01e-01]
161900 [5.01e-01]
162000 [5.01e-01]
162100 [5.01e-01]
162200 [5.01e-01]
162300 [5.01e-01]
162400 [5.01e-01]
162500 [5.01e-01]
162600 [5.01e-01]
162700 [5.01e-01]
162800 [5.00e-01]
162900 [5.00e-01]
163000 [5.00e-01]
163100 [5.00e-01]
163200 [5.00e-01]
163300 [5.00e-01]
163400 [5.00e-01]
163500 [5.00e-01]
163600 [5.00e-01]
163700 [5.00e-01]
163800 [5.00e-01]
163900 [5.00e-01]
164000 [5.00e-01]
164100 [5.00e-01]
164200 [5.01e-01]
164300 [5.01e-01]
164400 [5.01e-01]
164500 [5.01e-01]
164600 [5.01e-01]
164700 [5.01e-01]
164800 [5.01e-01]
164900 [5.01e-01]
165000 [5.01e-01]
165100 [5.00e-01]
165200 [5.00e-01]
165300 [5.00e-01]
165400 [5.00e-01]
165500 [5.00e-01]
165600 [5.00e-01]
165700 [5.00e-01]
165800 [5.00e-01]
165900 [5.00e-01]
166000 [5.00e-01]
166100 [5.00e-01]
166200 [5.00e-01]
166300 [5.00e-01]
166400 [5.00e-01]
166500 [5.00e-01]
166600 [5.00e-01]
166700 [5.00e-01]
166800 [5.00e-01]
166900 [5.00e-01]
167000 [5.00e-01]
167100 [5.00e-01]
167200 [5.00e-01]
167300 [5.01e-01]
167400 [5.01e-01]
167500 [5.01e-01]
167600 [5.01e-01]
167700 [5.01e-01]
167800 [5.01e-01]
167900 [5.01e-01]
168000 [5.01e-01]
168100 [5.01e-01]
168200 [5.01e-01]
168300 [5.01e-01]
168400 [5.01e-01]
168500 [5.01e-01]
168600 [5.01e-01]
168700 [5.01e-01]
168800 [5.01e-01]
168900 [5.00e-01]
169000 [5.00e-01]
169100 [5.00e-01]
169200 [5.00e-01]
169300 [5.00e-01]
169400 [5.00e-01]
169500 [5.00e-01]
169600 [5.00e-01]
169700 [5.00e-01]
169800 [5.00e-01]
169900 [5.00e-01]
170000 [5.00e-01]
170100 [5.00e-01]
170200 [5.00e-01]
170300 [5.00e-01]
170400 [5.00e-01]
170500 [5.00e-01]
170600 [5.00e-01]
170700 [5.01e-01]
170800 [5.01e-01]
170900 [5.01e-01]
171000 [5.01e-01]
171100 [5.01e-01]
171200 [5.01e-01]
171300 [5.01e-01]
171400 [5.01e-01]
171500 [5.01e-01]
171600 [5.01e-01]
171700 [5.01e-01]
171800 [5.01e-01]
171900 [5.01e-01]
172000 [5.01e-01]
172100 [5.01e-01]
172200 [5.01e-01]
172300 [5.01e-01]
172400 [5.01e-01]
172500 [5.01e-01]
172600 [5.01e-01]
172700 [5.00e-01]
172800 [5.00e-01]
172900 [5.01e-01]
173000 [5.00e-01]
173100 [5.01e-01]
173200 [5.01e-01]
173300 [5.01e-01]
173400 [5.01e-01]
173500 [5.01e-01]
173600 [5.01e-01]
173700 [5.01e-01]
173800 [5.01e-01]
173900 [5.01e-01]
174000 [5.01e-01]
174100 [5.01e-01]
174200 [5.01e-01]
174300 [5.01e-01]
174400 [5.01e-01]
174500 [5.01e-01]
174600 [5.01e-01]
174700 [5.01e-01]
174800 [5.01e-01]
174900 [5.01e-01]
175000 [5.01e-01]
175100 [5.00e-01]
175200 [5.00e-01]
175300 [5.00e-01]
175400 [5.00e-01]
175500 [5.00e-01]
175600 [5.00e-01]
175700 [5.00e-01]
175800 [5.00e-01]
175900 [5.00e-01]
176000 [5.00e-01]
176100 [5.01e-01]
176200 [5.01e-01]
176300 [5.01e-01]
176400 [5.01e-01]
176500 [5.01e-01]
176600 [5.01e-01]
176700 [5.01e-01]
176800 [5.01e-01]
176900 [5.01e-01]
177000 [5.01e-01]
177100 [5.01e-01]
177200 [5.01e-01]
177300 [5.01e-01]
177400 [5.01e-01]
177500 [5.01e-01]
177600 [5.01e-01]
177700 [5.00e-01]
177800 [5.00e-01]
177900 [5.00e-01]
178000 [5.00e-01]
178100 [5.00e-01]
178200 [5.00e-01]
178300 [5.00e-01]
178400 [5.00e-01]
178500 [5.00e-01]
178600 [5.00e-01]
178700 [5.00e-01]
178800 [5.00e-01]
178900 [5.00e-01]
179000 [5.00e-01]
179100 [5.00e-01]
179200 [5.00e-01]
179300 [5.00e-01]
179400 [5.01e-01]
179500 [5.01e-01]
179600 [5.01e-01]
179700 [5.01e-01]
179800 [5.01e-01]
179900 [5.01e-01]
180000 [5.01e-01]
180100 [5.01e-01]
180200 [5.01e-01]
180300 [5.01e-01]
180400 [5.01e-01]
180500 [5.01e-01]
180600 [5.01e-01]
180700 [5.00e-01]
180800 [5.00e-01]
180900 [5.00e-01]
181000 [5.00e-01]
181100 [5.00e-01]
181200 [5.00e-01]
181300 [5.00e-01]
181400 [5.00e-01]
181500 [5.00e-01]
181600 [5.00e-01]
181700 [5.00e-01]
181800 [5.00e-01]
181900 [5.00e-01]
182000 [5.00e-01]
182100 [5.00e-01]
182200 [5.00e-01]
182300 [5.00e-01]
182400 [5.00e-01]
182500 [5.00e-01]
182600 [5.00e-01]
182700 [5.00e-01]
182800 [5.00e-01]
182900 [5.00e-01]
183000 [5.00e-01]
183100 [5.01e-01]
183200 [5.01e-01]
183300 [5.01e-01]
183400 [5.01e-01]
183500 [5.01e-01]
183600 [5.01e-01]
183700 [5.01e-01]
183800 [5.01e-01]
183900 [5.01e-01]
184000 [5.01e-01]
184100 [5.01e-01]
184200 [5.01e-01]
184300 [5.01e-01]
184400 [5.01e-01]
184500 [5.00e-01]
184600 [5.00e-01]
184700 [5.00e-01]
184800 [5.00e-01]
184900 [5.00e-01]
185000 [5.00e-01]
185100 [5.00e-01]
185200 [5.00e-01]
185300 [5.00e-01]
185400 [5.00e-01]
185500 [5.00e-01]
185600 [5.00e-01]
185700 [5.00e-01]
185800 [5.00e-01]
185900 [5.00e-01]
186000 [5.00e-01]
186100 [5.00e-01]
186200 [5.00e-01]
186300 [5.00e-01]
186400 [5.00e-01]
186500 [5.00e-01]
186600 [5.00e-01]
186700 [5.00e-01]
186800 [5.00e-01]
186900 [5.00e-01]
187000 [5.00e-01]
187100 [5.00e-01]
187200 [5.00e-01]
187300 [5.00e-01]
187400 [5.00e-01]
187500 [5.00e-01]
187600 [5.00e-01]
187700 [5.00e-01]
187800 [5.00e-01]
187900 [5.00e-01]
188000 [5.00e-01]
188100 [5.00e-01]
188200 [5.00e-01]
188300 [5.00e-01]
188400 [5.00e-01]
188500 [5.00e-01]
188600 [5.00e-01]
188700 [5.00e-01]
188800 [5.00e-01]
188900 [5.00e-01]
189000 [5.00e-01]
189100 [5.00e-01]
189200 [5.00e-01]
189300 [5.00e-01]
189400 [5.00e-01]
189500 [5.00e-01]
189600 [5.00e-01]
189700 [5.00e-01]
189800 [5.00e-01]
189900 [5.00e-01]
190000 [5.01e-01]
190100 [5.01e-01]
190200 [5.01e-01]
190300 [5.01e-01]
190400 [5.01e-01]
190500 [5.01e-01]
190600 [5.01e-01]
190700 [5.01e-01]
190800 [5.01e-01]
190900 [5.01e-01]
191000 [5.01e-01]
191100 [5.01e-01]
191200 [5.01e-01]
191300 [5.01e-01]
191400 [5.01e-01]
191500 [5.01e-01]
191600 [5.01e-01]
191700 [5.00e-01]
191800 [5.00e-01]
191900 [5.00e-01]
192000 [5.00e-01]
192100 [5.00e-01]
192200 [5.00e-01]
192300 [5.00e-01]
192400 [5.00e-01]
192500 [5.00e-01]
192600 [5.00e-01]
192700 [5.00e-01]
192800 [5.00e-01]
192900 [5.00e-01]
193000 [5.00e-01]
193100 [5.00e-01]
193200 [5.00e-01]
193300 [5.00e-01]
193400 [5.00e-01]
193500 [5.00e-01]
193600 [5.00e-01]
193700 [5.00e-01]
193800 [5.00e-01]
193900 [5.00e-01]
194000 [5.00e-01]
194100 [5.00e-01]
194200 [5.00e-01]
194300 [5.00e-01]
194400 [5.00e-01]
194500 [5.00e-01]
194600 [5.00e-01]
194700 [5.00e-01]
194800 [5.00e-01]
194900 [5.00e-01]
195000 [5.00e-01]
195100 [5.00e-01]
195200 [5.00e-01]
195300 [5.00e-01]
195400 [5.00e-01]
195500 [5.00e-01]
195600 [5.01e-01]
195700 [5.01e-01]
195800 [5.01e-01]
195900 [5.01e-01]
196000 [5.01e-01]
196100 [5.01e-01]
196200 [5.00e-01]
196300 [5.00e-01]
196400 [5.00e-01]
196500 [5.00e-01]
196600 [5.00e-01]
196700 [5.00e-01]
196800 [5.00e-01]
196900 [5.00e-01]
197000 [5.00e-01]
197100 [5.00e-01]
197200 [5.00e-01]
197300 [5.00e-01]
197400 [5.00e-01]
197500 [5.00e-01]
197600 [5.00e-01]
197700 [5.00e-01]
197800 [5.00e-01]
197900 [5.00e-01]
198000 [5.00e-01]
198100 [5.00e-01]
198200 [5.00e-01]
198300 [5.00e-01]
198400 [5.00e-01]
198500 [5.00e-01]
198600 [5.00e-01]
198700 [5.00e-01]
198800 [5.00e-01]
198900 [5.00e-01]
199000 [5.00e-01]
199100 [5.00e-01]
199200 [5.00e-01]
199300 [5.00e-01]
199400 [5.00e-01]
199500 [5.00e-01]
199600 [5.00e-01]
199700 [5.00e-01]
199800 [5.00e-01]
199900 [5.00e-01]
200000 [5.00e-01]
200100 [5.00e-01]
200200 [5.00e-01]
200300 [5.00e-01]
200400 [5.00e-01]
200500 [5.00e-01]
200600 [5.00e-01]
200700 [5.00e-01]
200800 [5.00e-01]
200900 [5.00e-01]
201000 [5.00e-01]
201100 [5.00e-01]
201200 [5.00e-01]
201300 [5.00e-01]
201400 [5.00e-01]
201500 [5.00e-01]
201600 [5.00e-01]
201700 [5.00e-01]
201800 [5.00e-01]
201900 [5.00e-01]
202000 [5.00e-01]
202100 [5.00e-01]
202200 [5.00e-01]
202300 [5.00e-01]
202400 [5.00e-01]
202500 [5.00e-01]
202600 [5.00e-01]
202700 [5.00e-01]
202800 [5.00e-01]
202900 [5.00e-01]
203000 [5.00e-01]
203100 [5.00e-01]
203200 [5.00e-01]
203300 [5.00e-01]
203400 [5.00e-01]
203500 [5.00e-01]
203600 [5.00e-01]
203700 [5.00e-01]
203800 [5.00e-01]
203900 [5.00e-01]
204000 [5.00e-01]
204100 [5.00e-01]
204200 [5.00e-01]
204300 [5.00e-01]
204400 [5.00e-01]
204500 [5.00e-01]
204600 [5.00e-01]
204700 [5.00e-01]
204800 [5.00e-01]
204900 [5.00e-01]
205000 [5.00e-01]
205100 [5.00e-01]
205200 [5.00e-01]
205300 [5.00e-01]
205400 [5.00e-01]
205500 [5.00e-01]
205600 [5.00e-01]
205700 [5.00e-01]
205800 [5.00e-01]
205900 [5.00e-01]
206000 [5.00e-01]
206100 [5.00e-01]
206200 [5.00e-01]
206300 [5.00e-01]
206400 [5.00e-01]
206500 [5.00e-01]
206600 [5.00e-01]
206700 [5.00e-01]
206800 [5.00e-01]
206900 [5.00e-01]
207000 [5.00e-01]
207100 [5.00e-01]
207200 [5.00e-01]
207300 [5.00e-01]
207400 [5.00e-01]
207500 [5.00e-01]
207600 [5.00e-01]
207700 [5.00e-01]
207800 [5.00e-01]
207900 [5.00e-01]
208000 [5.00e-01]
208100 [5.00e-01]
208200 [5.00e-01]
208300 [5.00e-01]
208400 [5.00e-01]
208500 [5.00e-01]
208600 [5.00e-01]
208700 [5.00e-01]
208800 [5.00e-01]
208900 [5.00e-01]
209000 [5.00e-01]
209100 [5.00e-01]
209200 [5.00e-01]
209300 [5.00e-01]
209400 [5.00e-01]
209500 [5.00e-01]
209600 [5.00e-01]
209700 [5.00e-01]
209800 [5.00e-01]
209900 [5.00e-01]
210000 [5.00e-01]
210100 [5.00e-01]
210200 [5.01e-01]
210300 [5.01e-01]
210400 [5.01e-01]
210500 [5.01e-01]
210600 [5.01e-01]
210700 [5.01e-01]
210800 [5.01e-01]
210900 [5.01e-01]
211000 [5.01e-01]
211100 [5.01e-01]
211200 [5.01e-01]
211300 [5.01e-01]
211400 [5.01e-01]
211500 [5.01e-01]
211600 [5.01e-01]
211700 [5.01e-01]
211800 [5.01e-01]
211900 [5.00e-01]
212000 [5.00e-01]
212100 [5.00e-01]
212200 [5.00e-01]
212300 [5.00e-01]
212400 [5.00e-01]
212500 [5.00e-01]
212600 [5.00e-01]
212700 [5.00e-01]
212800 [5.00e-01]
212900 [5.00e-01]
213000 [5.00e-01]
213100 [5.00e-01]
213200 [5.00e-01]
213300 [5.00e-01]
213400 [5.00e-01]
213500 [5.00e-01]
213600 [5.00e-01]
213700 [5.00e-01]
213800 [5.00e-01]
213900 [5.00e-01]
214000 [5.00e-01]
214100 [5.00e-01]
214200 [5.00e-01]
214300 [5.00e-01]
214400 [5.00e-01]
214500 [5.00e-01]
214600 [5.00e-01]
214700 [5.00e-01]
214800 [5.00e-01]
214900 [5.00e-01]
215000 [5.00e-01]
215100 [5.00e-01]
215200 [5.00e-01]
215300 [5.00e-01]
215400 [5.00e-01]
215500 [5.00e-01]
215600 [5.00e-01]
215700 [5.00e-01]
215800 [5.00e-01]
215900 [5.00e-01]
216000 [5.00e-01]
216100 [5.00e-01]
216200 [5.00e-01]
216300 [5.00e-01]
216400 [5.00e-01]
216500 [5.00e-01]
216600 [5.00e-01]
216700 [5.00e-01]
216800 [5.00e-01]
216900 [5.00e-01]
217000 [5.00e-01]
217100 [5.00e-01]
217200 [5.00e-01]
217300 [5.00e-01]
217400 [5.00e-01]
217500 [5.00e-01]
217600 [5.00e-01]
217700 [5.00e-01]
217800 [5.00e-01]
217900 [5.00e-01]
218000 [5.00e-01]
218100 [5.00e-01]
218200 [5.00e-01]
218300 [5.00e-01]
218400 [5.01e-01]
218500 [5.01e-01]
218600 [5.01e-01]
218700 [5.01e-01]
218800 [5.01e-01]
218900 [5.01e-01]
219000 [5.01e-01]
219100 [5.01e-01]
219200 [5.01e-01]
219300 [5.01e-01]
219400 [5.01e-01]
219500 [5.01e-01]
219600 [5.01e-01]
219700 [5.01e-01]
219800 [5.00e-01]
219900 [5.00e-01]
220000 [5.00e-01]
220100 [5.00e-01]
220200 [5.00e-01]
220300 [5.00e-01]
220400 [5.00e-01]
220500 [5.00e-01]
220600 [5.00e-01]
220700 [5.00e-01]
220800 [5.00e-01]
220900 [5.00e-01]
221000 [5.00e-01]
221100 [5.00e-01]
221200 [5.00e-01]
221300 [5.00e-01]
221400 [5.00e-01]
221500 [5.00e-01]
221600 [5.00e-01]
221700 [5.00e-01]
221800 [5.00e-01]
221900 [5.00e-01]
222000 [5.00e-01]
222100 [5.00e-01]
222200 [5.00e-01]
222300 [5.00e-01]
222400 [5.00e-01]
222500 [5.00e-01]
222600 [5.00e-01]
222700 [5.00e-01]
222800 [5.00e-01]
222900 [5.00e-01]
223000 [5.00e-01]
223100 [5.00e-01]
223200 [5.00e-01]
223300 [5.00e-01]
223400 [5.00e-01]
223500 [5.00e-01]
223600 [5.00e-01]
223700 [5.01e-01]
223800 [5.00e-01]
223900 [5.01e-01]
224000 [5.01e-01]
224100 [5.01e-01]
224200 [5.00e-01]
224300 [5.00e-01]
224400 [5.00e-01]
224500 [5.00e-01]
224600 [5.00e-01]
224700 [5.00e-01]
224800 [5.00e-01]
224900 [5.00e-01]
225000 [5.00e-01]
225100 [5.00e-01]
225200 [5.00e-01]
225300 [5.00e-01]
225400 [5.00e-01]
225500 [5.00e-01]
225600 [5.00e-01]
225700 [5.00e-01]
225800 [5.00e-01]
225900 [5.00e-01]
226000 [5.00e-01]
226100 [5.00e-01]
226200 [5.00e-01]
226300 [5.00e-01]
226400 [5.00e-01]
226500 [5.00e-01]
226600 [5.00e-01]
226700 [5.00e-01]
226800 [5.00e-01]
226900 [5.00e-01]
227000 [5.00e-01]
227100 [5.00e-01]
227200 [5.00e-01]
227300 [5.00e-01]
227400 [5.00e-01]
227500 [5.00e-01]
227600 [5.00e-01]
227700 [5.00e-01]
227800 [5.00e-01]
227900 [5.00e-01]
228000 [5.00e-01]
228100 [5.00e-01]
228200 [5.00e-01]
228300 [5.00e-01]
228400 [5.00e-01]
228500 [5.00e-01]
228600 [5.00e-01]
228700 [5.00e-01]
228800 [5.00e-01]
228900 [5.00e-01]
229000 [5.00e-01]
229100 [5.00e-01]
229200 [5.00e-01]
229300 [5.00e-01]
229400 [5.00e-01]
229500 [5.00e-01]
229600 [5.00e-01]
229700 [5.00e-01]
229800 [5.00e-01]
229900 [5.00e-01]
230000 [5.00e-01]
230100 [5.00e-01]
230200 [5.00e-01]
230300 [5.00e-01]
230400 [5.00e-01]
230500 [5.00e-01]
230600 [5.00e-01]
230700 [5.00e-01]
230800 [5.00e-01]
230900 [5.00e-01]
231000 [5.00e-01]
231100 [5.00e-01]
231200 [5.00e-01]
231300 [5.00e-01]
231400 [5.00e-01]
231500 [5.00e-01]
231600 [5.00e-01]
231700 [5.00e-01]
231800 [5.00e-01]
231900 [5.00e-01]
232000 [5.00e-01]
232100 [5.00e-01]
232200 [5.00e-01]
232300 [5.00e-01]
232400 [5.00e-01]
232500 [5.00e-01]
232600 [5.00e-01]
232700 [5.00e-01]
232800 [5.00e-01]
232900 [5.00e-01]
233000 [5.00e-01]
233100 [5.00e-01]
233200 [5.00e-01]
233300 [5.00e-01]
233400 [5.00e-01]
233500 [5.00e-01]
233600 [5.00e-01]
233700 [5.00e-01]
233800 [5.00e-01]
233900 [5.00e-01]
234000 [5.00e-01]
234100 [5.00e-01]
234200 [5.00e-01]
234300 [5.00e-01]
234400 [5.00e-01]
234500 [5.00e-01]
234600 [5.00e-01]
234700 [5.00e-01]
234800 [5.00e-01]
234900 [5.00e-01]
235000 [5.00e-01]
235100 [5.00e-01]
235200 [5.00e-01]
235300 [5.00e-01]
235400 [5.00e-01]
235500 [5.00e-01]
235600 [5.00e-01]
235700 [5.00e-01]
235800 [5.00e-01]
235900 [5.00e-01]
236000 [5.00e-01]
236100 [5.00e-01]
236200 [5.00e-01]
236300 [5.00e-01]
236400 [5.00e-01]
236500 [5.00e-01]
236600 [5.00e-01]
236700 [5.00e-01]
236800 [5.00e-01]
236900 [5.00e-01]
237000 [5.00e-01]
237100 [5.00e-01]
237200 [5.00e-01]
237300 [5.00e-01]
237400 [5.00e-01]
237500 [5.00e-01]
237600 [5.00e-01]
237700 [5.00e-01]
237800 [5.00e-01]
237900 [5.00e-01]
238000 [5.00e-01]
238100 [5.00e-01]
238200 [5.00e-01]
238300 [5.00e-01]
238400 [5.00e-01]
238500 [5.00e-01]
238600 [5.00e-01]
238700 [5.00e-01]
238800 [5.00e-01]
238900 [5.00e-01]
239000 [5.00e-01]
239100 [5.00e-01]
239200 [5.00e-01]
239300 [5.00e-01]
239400 [5.00e-01]
239500 [5.00e-01]
239600 [5.00e-01]
239700 [5.00e-01]
239800 [5.00e-01]
239900 [5.00e-01]
240000 [5.00e-01]
240100 [5.00e-01]
240200 [5.00e-01]
240300 [5.00e-01]
240400 [5.00e-01]
240500 [5.00e-01]
240600 [5.00e-01]
240700 [5.00e-01]
240800 [5.00e-01]
240900 [5.00e-01]
241000 [5.00e-01]
241100 [5.00e-01]
241200 [5.00e-01]
241300 [5.00e-01]
241400 [5.00e-01]
241500 [5.00e-01]
241600 [5.00e-01]
241700 [5.00e-01]
241800 [5.00e-01]
241900 [5.00e-01]
242000 [5.00e-01]
242100 [5.00e-01]
242200 [5.00e-01]
242300 [5.00e-01]
242400 [5.00e-01]
242500 [5.00e-01]
242600 [5.00e-01]
242700 [5.00e-01]
242800 [5.00e-01]
242900 [5.00e-01]
243000 [5.00e-01]
243100 [5.00e-01]
243200 [5.00e-01]
243300 [5.00e-01]
243400 [5.00e-01]
243500 [5.00e-01]
243600 [5.00e-01]
243700 [5.00e-01]
243800 [5.00e-01]
243900 [5.00e-01]
244000 [5.00e-01]
244100 [5.00e-01]
244200 [5.00e-01]
244300 [5.00e-01]
244400 [5.00e-01]
244500 [5.00e-01]
244600 [5.00e-01]
244700 [5.00e-01]
244800 [5.00e-01]
244900 [5.00e-01]
245000 [5.00e-01]
245100 [5.00e-01]
245200 [5.00e-01]
245300 [5.00e-01]
245400 [5.00e-01]
245500 [5.00e-01]
245600 [5.00e-01]
245700 [5.00e-01]
245800 [5.00e-01]
245900 [5.00e-01]
246000 [5.00e-01]
246100 [5.00e-01]
246200 [5.00e-01]
246300 [5.00e-01]
246400 [5.00e-01]
246500 [5.00e-01]
246600 [5.00e-01]
246700 [5.00e-01]
246800 [5.00e-01]
246900 [5.00e-01]
247000 [5.00e-01]
247100 [5.00e-01]
247200 [5.00e-01]
247300 [5.00e-01]
247400 [5.00e-01]
247500 [5.00e-01]
247600 [5.00e-01]
247700 [5.00e-01]
247800 [5.00e-01]
247900 [5.00e-01]
248000 [5.00e-01]
248100 [5.00e-01]
248200 [5.00e-01]
248300 [5.00e-01]
248400 [5.00e-01]
248500 [5.00e-01]
248600 [5.00e-01]
248700 [5.00e-01]
248800 [5.00e-01]
248900 [5.00e-01]
249000 [5.00e-01]
249100 [5.00e-01]
249200 [5.00e-01]
249300 [5.00e-01]
249400 [5.00e-01]
249500 [5.00e-01]
249600 [5.00e-01]
249700 [5.00e-01]
249800 [5.00e-01]
249900 [5.00e-01]
250000 [5.00e-01]
250100 [5.00e-01]
250200 [5.00e-01]
250300 [5.00e-01]
250400 [5.00e-01]
250500 [5.00e-01]
250600 [5.00e-01]
250700 [5.00e-01]
250800 [5.00e-01]
250900 [5.00e-01]
251000 [5.00e-01]
251100 [5.00e-01]
251200 [5.00e-01]
251300 [5.00e-01]
251400 [5.00e-01]
251500 [5.00e-01]
251600 [5.00e-01]
251700 [5.00e-01]
251800 [5.00e-01]
251900 [5.00e-01]
252000 [5.00e-01]
252100 [5.00e-01]
252200 [5.00e-01]
252300 [5.00e-01]
252400 [5.00e-01]
252500 [5.00e-01]
252600 [5.00e-01]
252700 [5.00e-01]
252800 [5.00e-01]
252900 [5.00e-01]
253000 [5.00e-01]
253100 [5.00e-01]
253200 [5.00e-01]
253300 [5.00e-01]
253400 [5.00e-01]
253500 [5.00e-01]
253600 [5.00e-01]
253700 [5.00e-01]
253800 [5.00e-01]
253900 [5.00e-01]
254000 [5.00e-01]
254100 [5.00e-01]
254200 [5.00e-01]
254300 [5.00e-01]
254400 [5.00e-01]
254500 [5.00e-01]
254600 [5.00e-01]
254700 [5.00e-01]
254800 [5.00e-01]
254900 [5.00e-01]
255000 [5.00e-01]
255100 [5.00e-01]
255200 [5.00e-01]
255300 [5.00e-01]
255400 [5.00e-01]
255500 [5.00e-01]
255600 [5.00e-01]
255700 [5.00e-01]
255800 [5.00e-01]
255900 [5.00e-01]
256000 [5.00e-01]
256100 [5.00e-01]
256200 [5.00e-01]
256300 [5.00e-01]
256400 [5.00e-01]
256500 [5.00e-01]
256600 [5.00e-01]
256700 [5.00e-01]
256800 [5.00e-01]
256900 [5.00e-01]
257000 [5.00e-01]
257100 [5.00e-01]
257200 [5.00e-01]
257300 [5.00e-01]
257400 [5.00e-01]
257500 [5.00e-01]
257600 [5.00e-01]
257700 [5.00e-01]
257800 [5.00e-01]
257900 [5.00e-01]
258000 [5.00e-01]
258100 [5.00e-01]
258200 [5.00e-01]
258300 [5.00e-01]
258400 [5.00e-01]
258500 [5.00e-01]
258600 [5.00e-01]
258700 [5.00e-01]
258800 [5.00e-01]
258900 [5.00e-01]
259000 [5.00e-01]
259100 [5.00e-01]
259200 [5.00e-01]
259300 [5.00e-01]
259400 [5.00e-01]
259500 [5.00e-01]
259600 [5.00e-01]
259700 [5.00e-01]
259800 [5.00e-01]
259900 [5.00e-01]
260000 [5.00e-01]
260100 [5.00e-01]
260200 [5.00e-01]
260300 [5.00e-01]
260400 [5.00e-01]
260500 [5.00e-01]
260600 [5.00e-01]
260700 [5.00e-01]
260800 [5.00e-01]
260900 [5.00e-01]
261000 [5.00e-01]
261100 [5.00e-01]
261200 [5.00e-01]
261300 [5.00e-01]
261400 [5.00e-01]
261500 [5.00e-01]
261600 [5.00e-01]
261700 [5.00e-01]
261800 [5.00e-01]
261900 [5.00e-01]
262000 [5.00e-01]
262100 [5.00e-01]
262200 [5.00e-01]
262300 [5.00e-01]
262400 [5.00e-01]
262500 [5.00e-01]
262600 [5.00e-01]
262700 [5.00e-01]
262800 [5.00e-01]
262900 [5.00e-01]
263000 [5.00e-01]
263100 [5.00e-01]
263200 [5.00e-01]
263300 [5.00e-01]
263400 [5.00e-01]
263500 [5.00e-01]
263600 [5.00e-01]
263700 [5.00e-01]
263800 [5.00e-01]
263900 [5.00e-01]
264000 [5.00e-01]
264100 [5.00e-01]
264200 [5.00e-01]
264300 [5.00e-01]
264400 [5.00e-01]
264500 [5.00e-01]
264600 [5.00e-01]
264700 [5.00e-01]
264800 [5.00e-01]
264900 [5.00e-01]
265000 [5.00e-01]
265100 [5.00e-01]
265200 [5.00e-01]
265300 [5.00e-01]
265400 [5.00e-01]
265500 [5.00e-01]
265600 [5.00e-01]
265700 [5.00e-01]
265800 [5.00e-01]
265900 [5.00e-01]
266000 [5.00e-01]
266100 [5.00e-01]
266200 [5.00e-01]
266300 [5.00e-01]
266400 [5.00e-01]
266500 [5.00e-01]
266600 [5.00e-01]
266700 [5.00e-01]
266800 [5.00e-01]
266900 [5.00e-01]
267000 [5.00e-01]
267100 [5.00e-01]
267200 [5.00e-01]
267300 [5.00e-01]
267400 [5.00e-01]
267500 [5.00e-01]
267600 [5.00e-01]
267700 [5.00e-01]
267800 [5.00e-01]
267900 [5.00e-01]
268000 [5.00e-01]
268100 [5.00e-01]
268200 [5.00e-01]
268300 [5.00e-01]
268400 [5.00e-01]
268500 [5.00e-01]
268600 [5.00e-01]
268700 [5.00e-01]
268800 [5.00e-01]
268900 [5.00e-01]
269000 [5.00e-01]
269100 [5.00e-01]
269200 [5.00e-01]
269300 [5.00e-01]
269400 [5.00e-01]
269500 [5.00e-01]
269600 [5.00e-01]
269700 [5.00e-01]
269800 [5.00e-01]
269900 [5.00e-01]
270000 [5.00e-01]
270100 [5.00e-01]
270200 [5.00e-01]
270300 [5.00e-01]
270400 [5.00e-01]
270500 [5.00e-01]
270600 [5.00e-01]
270700 [5.00e-01]
270800 [5.00e-01]
270900 [5.00e-01]
271000 [5.00e-01]
271100 [5.00e-01]
271200 [5.00e-01]
271300 [5.00e-01]
271400 [5.00e-01]
271500 [5.00e-01]
271600 [5.00e-01]
271700 [5.00e-01]
271800 [5.00e-01]
271900 [5.00e-01]
272000 [5.00e-01]
272100 [5.00e-01]
272200 [5.00e-01]
272300 [5.00e-01]
272400 [5.00e-01]
272500 [5.00e-01]
272600 [5.00e-01]
272700 [5.00e-01]
272800 [5.00e-01]
272900 [5.00e-01]
273000 [5.00e-01]
273100 [5.00e-01]
273200 [5.00e-01]
273300 [5.00e-01]
273400 [5.00e-01]
273500 [5.00e-01]
273600 [5.00e-01]
273700 [5.00e-01]
273800 [5.00e-01]
273900 [5.00e-01]
274000 [5.00e-01]
274100 [5.00e-01]
274200 [5.00e-01]
274300 [5.00e-01]
274400 [5.00e-01]
274500 [5.00e-01]
274600 [5.00e-01]
274700 [5.00e-01]
274800 [5.00e-01]
274900 [5.00e-01]
275000 [5.00e-01]
275100 [5.00e-01]
275200 [5.00e-01]
275300 [5.00e-01]
275400 [5.00e-01]
275500 [5.00e-01]
275600 [5.00e-01]
275700 [5.00e-01]
275800 [5.00e-01]
275900 [5.00e-01]
276000 [5.00e-01]
276100 [5.00e-01]
276200 [5.00e-01]
276300 [5.00e-01]
276400 [5.00e-01]
276500 [5.00e-01]
276600 [5.00e-01]
276700 [5.00e-01]
276800 [5.00e-01]
276900 [5.00e-01]
277000 [5.00e-01]
277100 [5.00e-01]
277200 [5.00e-01]
277300 [5.00e-01]
277400 [5.00e-01]
277500 [5.00e-01]
277600 [5.00e-01]
277700 [5.00e-01]
277800 [5.00e-01]
277900 [5.00e-01]
278000 [5.00e-01]
278100 [5.00e-01]
278200 [5.00e-01]
278300 [5.00e-01]
278400 [5.00e-01]
278500 [5.00e-01]
278600 [5.00e-01]
278700 [5.00e-01]
278800 [5.00e-01]
278900 [5.00e-01]
279000 [5.00e-01]
279100 [5.00e-01]
279200 [5.00e-01]
279300 [5.00e-01]
279400 [5.00e-01]
279500 [5.00e-01]
279600 [5.00e-01]
279700 [5.00e-01]
279800 [5.00e-01]
279900 [5.00e-01]
280000 [5.00e-01]
280100 [5.00e-01]
280200 [5.00e-01]
280300 [5.00e-01]
280400 [5.00e-01]
280500 [5.00e-01]
280600 [5.00e-01]
280700 [5.00e-01]
280800 [5.00e-01]
280900 [5.00e-01]
281000 [5.00e-01]
281100 [5.00e-01]
281200 [5.00e-01]
281300 [5.00e-01]
281400 [5.00e-01]
281500 [5.00e-01]
281600 [5.00e-01]
281700 [5.00e-01]
281800 [5.00e-01]
281900 [5.00e-01]
282000 [5.00e-01]
282100 [5.00e-01]
282200 [5.00e-01]
282300 [5.00e-01]
282400 [5.00e-01]
282500 [5.00e-01]
282600 [5.00e-01]
282700 [5.00e-01]
282800 [5.00e-01]
282900 [5.00e-01]
283000 [5.00e-01]
283100 [5.00e-01]
283200 [5.00e-01]
283300 [5.00e-01]
283400 [5.00e-01]
283500 [5.00e-01]
283600 [5.00e-01]
283700 [5.00e-01]
283800 [5.00e-01]
283900 [5.00e-01]
284000 [5.00e-01]
284100 [5.00e-01]
284200 [5.00e-01]
284300 [5.00e-01]
284400 [5.00e-01]
284500 [5.00e-01]
284600 [5.00e-01]
284700 [5.00e-01]
284800 [5.00e-01]
284900 [5.00e-01]
285000 [5.00e-01]
285100 [5.00e-01]
285200 [5.00e-01]
285300 [5.00e-01]
285400 [5.00e-01]
285500 [5.00e-01]
285600 [5.00e-01]
285700 [5.00e-01]
285800 [5.00e-01]
285900 [5.00e-01]
286000 [5.00e-01]
286100 [5.00e-01]
286200 [5.00e-01]
286300 [5.00e-01]
286400 [5.00e-01]
286500 [5.00e-01]
286600 [5.00e-01]
286700 [5.00e-01]
286800 [5.00e-01]
286900 [5.00e-01]
287000 [5.00e-01]
287100 [5.00e-01]
287200 [5.00e-01]
287300 [5.00e-01]
287400 [5.00e-01]
287500 [5.00e-01]
287600 [5.00e-01]
287700 [5.00e-01]
287800 [5.00e-01]
287900 [5.00e-01]
288000 [5.00e-01]
288100 [5.00e-01]
288200 [5.00e-01]
288300 [5.00e-01]
288400 [5.00e-01]
288500 [5.00e-01]
288600 [5.00e-01]
288700 [5.00e-01]
288800 [5.00e-01]
288900 [5.00e-01]
289000 [5.00e-01]
289100 [5.00e-01]
289200 [5.00e-01]
289300 [5.00e-01]
289400 [5.00e-01]
289500 [5.00e-01]
289600 [5.00e-01]
289700 [5.00e-01]
289800 [5.00e-01]
289900 [5.00e-01]
290000 [5.00e-01]
290100 [5.00e-01]
290200 [5.00e-01]
290300 [5.00e-01]
290400 [5.00e-01]
290500 [5.00e-01]
290600 [5.00e-01]
290700 [5.00e-01]
290800 [5.00e-01]
290900 [5.00e-01]
291000 [5.00e-01]
291100 [5.00e-01]
291200 [5.00e-01]
291300 [5.00e-01]
291400 [5.00e-01]
291500 [5.00e-01]
291600 [5.00e-01]
291700 [5.00e-01]
291800 [5.00e-01]
291900 [5.00e-01]
292000 [5.00e-01]
292100 [5.00e-01]
292200 [5.00e-01]
292300 [5.00e-01]
292400 [5.00e-01]
292500 [5.00e-01]
292600 [5.00e-01]
292700 [5.00e-01]
292800 [5.00e-01]
292900 [5.00e-01]
293000 [5.00e-01]
293100 [5.00e-01]
293200 [5.00e-01]
293300 [5.00e-01]
293400 [5.00e-01]
293500 [5.00e-01]
293600 [5.00e-01]
293700 [5.00e-01]
293800 [5.00e-01]
293900 [5.00e-01]
294000 [5.00e-01]
294100 [5.00e-01]
294200 [5.00e-01]
294300 [5.00e-01]
294400 [5.00e-01]
294500 [5.00e-01]
294600 [5.00e-01]
294700 [5.00e-01]
294800 [5.00e-01]
294900 [5.00e-01]
295000 [5.00e-01]
295100 [5.00e-01]
295200 [5.00e-01]
295300 [5.00e-01]
295400 [5.00e-01]
295500 [5.00e-01]
295600 [5.00e-01]
295700 [5.00e-01]
295800 [5.00e-01]
295900 [5.00e-01]
296000 [5.00e-01]
296100 [5.00e-01]
296200 [5.00e-01]
296300 [5.00e-01]
296400 [5.00e-01]
296500 [5.00e-01]
296600 [5.00e-01]
296700 [5.00e-01]
296800 [5.00e-01]
296900 [5.00e-01]
297000 [5.00e-01]
297100 [5.00e-01]
297200 [5.00e-01]
297300 [5.00e-01]
297400 [5.00e-01]
297500 [5.00e-01]
297600 [5.00e-01]
297700 [5.00e-01]
297800 [5.00e-01]
297900 [5.00e-01]
298000 [5.00e-01]
298100 [5.00e-01]
298200 [5.00e-01]
298300 [5.00e-01]
298400 [5.00e-01]
298500 [5.00e-01]
298600 [5.00e-01]
298700 [5.00e-01]
298800 [5.00e-01]
298900 [5.00e-01]
299000 [5.00e-01]
299100 [5.00e-01]
299200 [5.00e-01]
299300 [5.00e-01]
299400 [5.00e-01]
299500 [5.00e-01]
299600 [5.00e-01]
299700 [5.00e-01]
299800 [5.00e-01]
299900 [5.00e-01]
300000 [5.00e-01]
300100 [5.00e-01]
300200 [5.00e-01]
300300 [5.00e-01]
300400 [5.00e-01]
300500 [5.00e-01]
300600 [5.00e-01]
300700 [5.00e-01]
300800 [5.00e-01]
300900 [5.00e-01]
301000 [5.00e-01]
301100 [5.00e-01]
301200 [5.00e-01]
301300 [5.00e-01]
301400 [5.00e-01]
301500 [5.00e-01]
301600 [5.00e-01]
301700 [5.00e-01]
301800 [5.00e-01]
301900 [5.00e-01]
302000 [5.00e-01]
302100 [5.00e-01]
302200 [5.00e-01]
302300 [5.00e-01]
302400 [5.00e-01]
302500 [5.00e-01]
302600 [5.00e-01]
302700 [5.00e-01]
302800 [5.00e-01]
302900 [5.00e-01]
303000 [5.00e-01]
303100 [5.00e-01]
303200 [5.00e-01]
303300 [5.00e-01]
303400 [5.00e-01]
303500 [5.00e-01]
303600 [5.00e-01]
303700 [5.00e-01]
303800 [5.00e-01]
303900 [5.00e-01]
304000 [5.00e-01]
304100 [5.00e-01]
304200 [5.00e-01]
304300 [5.00e-01]
304400 [5.00e-01]
304500 [5.00e-01]
304600 [5.00e-01]
304700 [5.00e-01]
304800 [5.00e-01]
304900 [5.00e-01]
305000 [5.00e-01]
305100 [5.00e-01]
305200 [5.00e-01]
305300 [5.00e-01]
305400 [5.00e-01]
305500 [5.00e-01]
305600 [5.00e-01]
305700 [5.00e-01]
305800 [5.00e-01]
305900 [5.00e-01]
306000 [5.00e-01]
306100 [5.00e-01]
306200 [5.00e-01]
306300 [5.00e-01]
306400 [5.00e-01]
306500 [5.00e-01]
306600 [5.00e-01]
306700 [5.00e-01]
306800 [5.00e-01]
306900 [5.00e-01]
307000 [5.00e-01]
307100 [5.00e-01]
307200 [5.00e-01]
307300 [5.00e-01]
307400 [5.00e-01]
307500 [5.00e-01]
307600 [5.00e-01]
307700 [5.00e-01]
307800 [5.00e-01]
307900 [5.00e-01]
308000 [5.00e-01]
308100 [5.00e-01]
308200 [5.00e-01]
308300 [5.00e-01]
308400 [5.00e-01]
308500 [5.00e-01]
308600 [5.00e-01]
308700 [5.00e-01]
308800 [5.00e-01]
308900 [5.00e-01]
309000 [5.00e-01]
309100 [5.00e-01]
309200 [5.00e-01]
309300 [5.00e-01]
309400 [5.00e-01]
309500 [5.00e-01]
309600 [5.00e-01]
309700 [5.00e-01]
309800 [5.00e-01]
309900 [5.00e-01]
310000 [5.00e-01]
310100 [5.00e-01]
310200 [5.00e-01]
310300 [5.00e-01]
310400 [5.00e-01]
310500 [5.00e-01]
310600 [5.00e-01]
310700 [5.00e-01]
310800 [5.00e-01]
310900 [5.00e-01]
311000 [5.00e-01]
311100 [5.00e-01]
311200 [5.00e-01]
311300 [5.00e-01]
311400 [5.00e-01]
311500 [5.00e-01]
311600 [5.00e-01]
311700 [5.00e-01]
311800 [5.00e-01]
311900 [5.00e-01]
312000 [5.00e-01]
312100 [5.00e-01]
312200 [5.00e-01]
312300 [5.00e-01]
312400 [5.00e-01]
312500 [5.00e-01]
312600 [5.00e-01]
312700 [5.00e-01]
312800 [5.00e-01]
312900 [5.00e-01]
313000 [5.00e-01]
313100 [5.00e-01]
313200 [5.00e-01]
313300 [5.00e-01]
313400 [5.00e-01]
313500 [5.00e-01]
313600 [5.00e-01]
313700 [5.00e-01]
313800 [5.00e-01]
313900 [5.00e-01]
314000 [5.00e-01]
314100 [5.00e-01]
314200 [5.00e-01]
314300 [5.00e-01]
314400 [5.00e-01]
314500 [5.00e-01]
314600 [5.00e-01]
314700 [5.00e-01]
314800 [5.00e-01]
314900 [5.00e-01]
315000 [5.00e-01]
315100 [5.00e-01]
315200 [5.00e-01]
315300 [5.00e-01]
315400 [5.00e-01]
315500 [5.00e-01]
315600 [5.00e-01]
315700 [5.00e-01]
315800 [5.00e-01]
315900 [5.00e-01]
316000 [5.00e-01]
316100 [5.00e-01]
316200 [5.00e-01]
316300 [5.00e-01]
316400 [5.00e-01]
316500 [5.00e-01]
316600 [5.00e-01]
316700 [5.00e-01]
316800 [5.00e-01]
316900 [5.00e-01]
317000 [5.00e-01]
317100 [5.00e-01]
317200 [5.00e-01]
317300 [5.00e-01]
317400 [5.00e-01]
317500 [5.00e-01]
317600 [5.00e-01]
317700 [5.00e-01]
317800 [5.00e-01]
317900 [5.00e-01]
318000 [5.00e-01]
318100 [5.00e-01]
318200 [5.00e-01]
318300 [5.00e-01]
318400 [5.00e-01]
318500 [5.00e-01]
318600 [5.00e-01]
318700 [5.00e-01]
318800 [5.00e-01]
318900 [5.00e-01]
319000 [5.00e-01]
319100 [5.00e-01]
319200 [5.00e-01]
319300 [5.00e-01]
319400 [5.00e-01]
319500 [5.00e-01]
319600 [5.00e-01]
319700 [5.00e-01]
319800 [5.00e-01]
319900 [5.00e-01]
320000 [5.00e-01]
320100 [5.00e-01]
320200 [5.00e-01]
320300 [5.00e-01]
320400 [5.00e-01]
320500 [5.00e-01]
320600 [5.00e-01]
320700 [5.00e-01]
320800 [5.00e-01]
320900 [5.00e-01]
321000 [5.00e-01]
321100 [5.00e-01]
321200 [5.00e-01]
321300 [5.00e-01]
321400 [5.00e-01]
321500 [5.00e-01]
321600 [5.00e-01]
321700 [5.00e-01]
321800 [5.00e-01]
321900 [5.00e-01]
322000 [5.00e-01]
322100 [5.00e-01]
322200 [5.00e-01]
322300 [5.00e-01]
322400 [5.00e-01]
322500 [5.00e-01]
322600 [5.00e-01]
322700 [5.00e-01]
322800 [5.00e-01]
322900 [5.00e-01]
323000 [5.00e-01]
323100 [5.00e-01]
323200 [5.00e-01]
323300 [5.00e-01]
323400 [5.00e-01]
323500 [5.00e-01]
323600 [5.00e-01]
323700 [5.00e-01]
323800 [5.00e-01]
323900 [5.00e-01]
324000 [5.00e-01]
324100 [5.00e-01]
324200 [5.00e-01]
324300 [5.00e-01]
324400 [5.00e-01]
324500 [5.00e-01]
324600 [5.00e-01]
324700 [5.00e-01]
324800 [5.00e-01]
324900 [5.00e-01]
325000 [5.00e-01]
325100 [5.00e-01]
325200 [5.00e-01]
325300 [5.00e-01]
325400 [5.00e-01]
325500 [5.00e-01]
325600 [5.00e-01]
325700 [5.00e-01]
325800 [5.00e-01]
325900 [5.00e-01]
326000 [5.00e-01]
326100 [5.00e-01]
326200 [5.00e-01]
326300 [5.00e-01]
326400 [5.00e-01]
326500 [5.00e-01]
326600 [5.00e-01]
326700 [5.00e-01]
326800 [5.00e-01]
326900 [5.00e-01]
327000 [5.00e-01]
327100 [5.00e-01]
327200 [5.00e-01]
327300 [5.00e-01]
327400 [5.00e-01]
327500 [5.00e-01]
327600 [5.00e-01]
327700 [5.00e-01]
327800 [5.00e-01]
327900 [5.00e-01]
328000 [5.00e-01]
328100 [5.00e-01]
328200 [5.00e-01]
328300 [5.00e-01]
328400 [5.00e-01]
328500 [5.00e-01]
328600 [5.00e-01]
328700 [5.00e-01]
328800 [5.00e-01]
328900 [5.00e-01]
329000 [5.00e-01]
329100 [5.00e-01]
329200 [5.00e-01]
329300 [5.00e-01]
329400 [5.00e-01]
329500 [5.00e-01]
329600 [5.00e-01]
329700 [5.00e-01]
329800 [5.00e-01]
329900 [5.00e-01]
330000 [5.00e-01]
330100 [5.00e-01]
330200 [5.00e-01]
330300 [5.00e-01]
330400 [5.00e-01]
330500 [5.00e-01]
330600 [5.00e-01]
330700 [5.00e-01]
330800 [5.00e-01]
330900 [5.00e-01]
331000 [5.00e-01]
331100 [5.00e-01]
331200 [5.00e-01]
331300 [5.00e-01]
331400 [5.00e-01]
331500 [5.00e-01]
331600 [5.00e-01]
331700 [5.00e-01]
331800 [5.00e-01]
331900 [5.00e-01]
332000 [5.00e-01]
332100 [5.00e-01]
332200 [5.00e-01]
332300 [5.00e-01]
332400 [5.00e-01]
332500 [5.00e-01]
332600 [5.00e-01]
332700 [5.00e-01]
332800 [5.00e-01]
332900 [5.00e-01]
333000 [5.00e-01]
333100 [5.00e-01]
333200 [5.00e-01]
333300 [5.00e-01]
333400 [5.00e-01]
333500 [5.00e-01]
333600 [5.00e-01]
333700 [5.00e-01]
333800 [5.00e-01]
333900 [5.00e-01]
334000 [5.00e-01]
334100 [5.00e-01]
334200 [5.00e-01]
334300 [5.00e-01]
334400 [5.00e-01]
334500 [5.00e-01]
334600 [5.00e-01]
334700 [5.00e-01]
334800 [5.00e-01]
334900 [5.00e-01]
335000 [5.00e-01]
335100 [5.00e-01]
335200 [5.00e-01]
335300 [5.00e-01]
335400 [5.00e-01]
335500 [5.00e-01]
335600 [5.00e-01]
335700 [5.00e-01]
335800 [5.00e-01]
335900 [5.00e-01]
336000 [5.00e-01]
336100 [5.00e-01]
336200 [5.00e-01]
336300 [5.00e-01]
336400 [5.00e-01]
336500 [5.00e-01]
336600 [5.00e-01]
336700 [5.00e-01]
336800 [5.00e-01]
336900 [5.00e-01]
337000 [5.00e-01]
337100 [5.00e-01]
337200 [5.00e-01]
337300 [5.00e-01]
337400 [5.00e-01]
337500 [5.00e-01]
337600 [5.00e-01]
337700 [5.00e-01]
337800 [5.00e-01]
337900 [5.00e-01]
338000 [5.00e-01]
338100 [5.00e-01]
338200 [5.00e-01]
338300 [5.00e-01]
338400 [5.00e-01]
338500 [5.00e-01]
338600 [5.00e-01]
338700 [5.00e-01]
338800 [5.00e-01]
338900 [5.00e-01]
339000 [5.00e-01]
339100 [5.00e-01]
339200 [5.00e-01]
339300 [5.00e-01]
339400 [5.00e-01]
339500 [5.00e-01]
339600 [5.00e-01]
339700 [5.00e-01]
339800 [5.00e-01]
339900 [5.00e-01]
340000 [5.00e-01]
340100 [5.00e-01]
340200 [5.00e-01]
340300 [5.00e-01]
340400 [5.00e-01]
340500 [5.00e-01]
340600 [5.00e-01]
340700 [5.00e-01]
340800 [5.00e-01]
340900 [5.00e-01]
341000 [5.00e-01]
341100 [5.00e-01]
341200 [5.00e-01]
341300 [5.00e-01]
341400 [5.00e-01]
341500 [5.00e-01]
341600 [5.00e-01]
341700 [5.00e-01]
341800 [5.00e-01]
341900 [5.00e-01]
342000 [5.00e-01]
342100 [5.00e-01]
342200 [5.00e-01]
342300 [5.00e-01]
342400 [5.00e-01]
342500 [5.00e-01]
342600 [5.00e-01]
342700 [5.00e-01]
342800 [5.00e-01]
342900 [5.00e-01]
343000 [5.00e-01]
343100 [5.00e-01]
343200 [5.00e-01]
343300 [5.00e-01]
343400 [5.00e-01]
343500 [5.00e-01]
343600 [5.00e-01]
343700 [5.00e-01]
343800 [5.00e-01]
343900 [5.00e-01]
344000 [5.00e-01]
344100 [5.00e-01]
344200 [5.00e-01]
344300 [5.00e-01]
344400 [5.00e-01]
344500 [5.00e-01]
344600 [5.00e-01]
344700 [5.00e-01]
344800 [5.00e-01]
344900 [5.00e-01]
345000 [5.00e-01]
345100 [5.00e-01]
345200 [5.00e-01]
345300 [5.00e-01]
345400 [5.00e-01]
345500 [5.00e-01]
345600 [5.00e-01]
345700 [5.00e-01]
345800 [5.00e-01]
345900 [5.00e-01]
346000 [5.00e-01]
346100 [5.00e-01]
346200 [5.00e-01]
346300 [5.00e-01]
346400 [5.00e-01]
346500 [5.00e-01]
346600 [5.00e-01]
346700 [5.00e-01]
346800 [5.00e-01]
346900 [5.00e-01]
347000 [5.00e-01]
347100 [5.00e-01]
347200 [5.00e-01]
347300 [5.00e-01]
347400 [5.00e-01]
347500 [5.00e-01]
347600 [5.00e-01]
347700 [5.00e-01]
347800 [5.00e-01]
347900 [5.00e-01]
348000 [5.00e-01]
348100 [5.00e-01]
348200 [5.00e-01]
348300 [5.00e-01]
348400 [5.00e-01]
348500 [5.00e-01]
348600 [5.00e-01]
348700 [5.00e-01]
348800 [5.00e-01]
348900 [5.00e-01]
349000 [5.00e-01]
349100 [5.00e-01]
349200 [5.00e-01]
349300 [5.00e-01]
349400 [5.00e-01]
349500 [5.00e-01]
349600 [5.00e-01]
349700 [5.00e-01]
349800 [5.00e-01]
349900 [5.00e-01]
350000 [5.00e-01]
350100 [5.00e-01]
350200 [5.00e-01]
350300 [5.00e-01]
350400 [5.00e-01]
350500 [5.00e-01]
350600 [5.00e-01]
350700 [5.00e-01]
350800 [5.00e-01]
350900 [5.00e-01]
351000 [5.00e-01]
351100 [5.00e-01]
351200 [5.00e-01]
351300 [5.00e-01]
351400 [5.00e-01]
351500 [5.00e-01]
351600 [5.00e-01]
351700 [5.00e-01]
351800 [5.00e-01]
351900 [5.00e-01]
352000 [5.00e-01]
352100 [5.00e-01]
352200 [5.00e-01]
352300 [5.00e-01]
352400 [5.00e-01]
352500 [5.00e-01]
352600 [5.00e-01]
352700 [5.00e-01]
352800 [5.00e-01]
352900 [5.00e-01]
353000 [5.00e-01]
353100 [5.00e-01]
353200 [5.00e-01]
353300 [5.00e-01]
353400 [5.00e-01]
353500 [5.00e-01]
353600 [5.00e-01]
353700 [5.00e-01]
353800 [5.00e-01]
353900 [5.00e-01]
354000 [5.00e-01]
354100 [5.00e-01]
354200 [5.00e-01]
354300 [5.00e-01]
354400 [5.00e-01]
354500 [5.00e-01]
354600 [5.00e-01]
354700 [5.00e-01]
354800 [5.00e-01]
354900 [5.00e-01]
355000 [5.00e-01]
355100 [5.00e-01]
355200 [5.00e-01]
355300 [5.00e-01]
355400 [5.00e-01]
355500 [5.00e-01]
355600 [5.00e-01]
355700 [5.00e-01]
355800 [5.00e-01]
355900 [5.00e-01]
356000 [5.00e-01]
356100 [5.00e-01]
356200 [5.00e-01]
356300 [5.00e-01]
356400 [5.00e-01]
356500 [5.00e-01]
356600 [5.00e-01]
356700 [5.00e-01]
356800 [5.00e-01]
356900 [5.00e-01]
357000 [5.00e-01]
357100 [5.00e-01]
357200 [5.00e-01]
357300 [5.00e-01]
357400 [5.00e-01]
357500 [5.00e-01]
357600 [5.00e-01]
357700 [5.00e-01]
357800 [5.00e-01]
357900 [5.00e-01]
358000 [5.00e-01]
358100 [5.00e-01]
358200 [5.00e-01]
358300 [5.00e-01]
358400 [5.00e-01]
358500 [5.00e-01]
358600 [5.00e-01]
358700 [5.00e-01]
358800 [5.00e-01]
358900 [5.00e-01]
359000 [5.00e-01]
359100 [5.00e-01]
359200 [5.00e-01]
359300 [5.00e-01]
359400 [5.00e-01]
359500 [5.00e-01]
359600 [5.00e-01]
359700 [5.00e-01]
359800 [5.00e-01]
359900 [5.00e-01]
360000 [5.00e-01]
360100 [5.00e-01]
360200 [5.00e-01]
360300 [5.00e-01]
360400 [5.00e-01]
360500 [5.00e-01]
360600 [5.00e-01]
360700 [5.00e-01]
360800 [5.00e-01]
360900 [5.00e-01]
361000 [5.00e-01]
361100 [5.00e-01]
361200 [5.00e-01]
361300 [5.00e-01]
361400 [5.00e-01]
361500 [5.00e-01]
361600 [5.00e-01]
361700 [5.00e-01]
361800 [5.00e-01]
361900 [5.00e-01]
362000 [5.00e-01]
362100 [5.00e-01]
362200 [5.00e-01]
362300 [5.00e-01]
362400 [5.00e-01]
362500 [5.00e-01]
362600 [5.00e-01]
362700 [5.00e-01]
362800 [5.00e-01]
362900 [5.00e-01]
363000 [5.00e-01]
363100 [5.00e-01]
363200 [5.00e-01]
363300 [5.00e-01]
363400 [5.00e-01]
363500 [5.00e-01]
363600 [5.00e-01]
363700 [5.00e-01]
363800 [5.00e-01]
363900 [5.00e-01]
364000 [5.00e-01]
364100 [5.00e-01]
364200 [5.00e-01]
364300 [5.00e-01]
364400 [5.00e-01]
364500 [5.00e-01]
364600 [5.00e-01]
364700 [5.00e-01]
364800 [5.00e-01]
364900 [5.00e-01]
365000 [5.00e-01]
365100 [5.00e-01]
365200 [5.00e-01]
365300 [5.00e-01]
365400 [5.00e-01]
365500 [5.00e-01]
365600 [5.00e-01]
365700 [5.00e-01]
365800 [5.00e-01]
365900 [5.00e-01]
366000 [5.00e-01]
366100 [5.00e-01]
366200 [5.00e-01]
366300 [5.00e-01]
366400 [5.00e-01]
366500 [5.00e-01]
366600 [5.00e-01]
366700 [5.00e-01]
366800 [5.00e-01]
366900 [5.00e-01]
367000 [5.00e-01]
367100 [5.00e-01]
367200 [5.00e-01]
367300 [5.00e-01]
367400 [5.00e-01]
367500 [5.00e-01]
367600 [5.00e-01]
367700 [5.00e-01]
367800 [5.00e-01]
367900 [5.00e-01]
368000 [5.00e-01]
368100 [5.00e-01]
368200 [5.00e-01]
368300 [5.00e-01]
368400 [5.00e-01]
368500 [5.00e-01]
368600 [5.00e-01]
368700 [5.00e-01]
368800 [5.00e-01]
368900 [5.00e-01]
369000 [5.00e-01]
369100 [5.00e-01]
369200 [5.00e-01]
369300 [5.00e-01]
369400 [5.00e-01]
369500 [5.00e-01]
369600 [5.00e-01]
369700 [5.00e-01]
369800 [5.00e-01]
369900 [5.00e-01]
370000 [5.00e-01]
370100 [5.00e-01]
370200 [5.00e-01]
370300 [5.00e-01]
370400 [5.00e-01]
370500 [5.00e-01]
370600 [5.00e-01]
370700 [5.00e-01]
370800 [5.00e-01]
370900 [5.00e-01]
371000 [5.00e-01]
371100 [5.00e-01]
371200 [5.00e-01]
371300 [5.00e-01]
371400 [5.00e-01]
371500 [5.00e-01]
371600 [5.00e-01]
371700 [5.00e-01]
371800 [5.00e-01]
371900 [5.00e-01]
372000 [5.00e-01]
372100 [5.00e-01]
372200 [5.00e-01]
372300 [5.00e-01]
372400 [5.00e-01]
372500 [5.00e-01]
372600 [5.00e-01]
372700 [5.00e-01]
372800 [5.00e-01]
372900 [5.00e-01]
373000 [5.00e-01]
373100 [5.00e-01]
373200 [5.00e-01]
373300 [5.00e-01]
373400 [5.00e-01]
373500 [5.00e-01]
373600 [5.00e-01]
373700 [5.00e-01]
373800 [5.00e-01]
373900 [5.00e-01]
374000 [5.00e-01]
374100 [5.00e-01]
374200 [5.00e-01]
374300 [5.00e-01]
374400 [5.00e-01]
374500 [5.00e-01]
374600 [5.00e-01]
374700 [5.00e-01]
374800 [5.00e-01]
374900 [5.00e-01]
375000 [5.00e-01]
375100 [5.00e-01]
375200 [5.00e-01]
375300 [5.00e-01]
375400 [5.00e-01]
375500 [5.00e-01]
375600 [5.00e-01]
375700 [5.00e-01]
375800 [5.00e-01]
375900 [5.00e-01]
376000 [5.00e-01]
376100 [5.00e-01]
376200 [5.00e-01]
376300 [5.00e-01]
376400 [5.00e-01]
376500 [5.00e-01]
376600 [5.00e-01]
376700 [5.00e-01]
376800 [5.00e-01]
376900 [5.00e-01]
377000 [5.00e-01]
377100 [5.00e-01]
377200 [5.00e-01]
377300 [5.00e-01]
377400 [5.00e-01]
377500 [5.00e-01]
377600 [5.00e-01]
377700 [5.00e-01]
377800 [5.00e-01]
377900 [5.00e-01]
378000 [5.00e-01]
378100 [5.00e-01]
378200 [5.00e-01]
378300 [5.00e-01]
378400 [5.00e-01]
378500 [5.00e-01]
378600 [5.00e-01]
378700 [5.00e-01]
378800 [5.00e-01]
378900 [5.00e-01]
379000 [5.00e-01]
379100 [5.00e-01]
379200 [5.00e-01]
379300 [5.00e-01]
379400 [5.00e-01]
379500 [5.00e-01]
379600 [5.00e-01]
379700 [5.00e-01]
379800 [5.00e-01]
379900 [5.00e-01]
380000 [5.00e-01]
380100 [5.00e-01]
380200 [5.00e-01]
380300 [5.00e-01]
380400 [5.00e-01]
380500 [5.00e-01]
380600 [5.00e-01]
380700 [5.00e-01]
380800 [5.00e-01]
380900 [5.00e-01]
381000 [5.00e-01]
381100 [5.00e-01]
381200 [5.00e-01]
381300 [5.00e-01]
381400 [5.00e-01]
381500 [5.00e-01]
381600 [5.00e-01]
381700 [5.00e-01]
381800 [5.00e-01]
381900 [5.00e-01]
382000 [5.00e-01]
382100 [5.00e-01]
382200 [5.00e-01]
382300 [5.00e-01]
382400 [5.00e-01]
382500 [5.00e-01]
382600 [5.00e-01]
382700 [5.00e-01]
382800 [5.00e-01]
382900 [5.00e-01]
383000 [5.00e-01]
383100 [5.00e-01]
383200 [5.00e-01]
383300 [5.00e-01]
383400 [5.00e-01]
383500 [5.00e-01]
383600 [5.00e-01]
383700 [5.00e-01]
383800 [5.00e-01]
383900 [5.00e-01]
384000 [5.00e-01]
384100 [5.00e-01]
384200 [5.00e-01]
384300 [5.00e-01]
384400 [5.00e-01]
384500 [5.00e-01]
384600 [5.00e-01]
384700 [5.00e-01]
384800 [5.00e-01]
384900 [5.00e-01]
385000 [5.00e-01]
385100 [5.00e-01]
385200 [5.00e-01]
385300 [5.00e-01]
385400 [5.00e-01]
385500 [5.00e-01]
385600 [5.00e-01]
385700 [5.00e-01]
385800 [5.00e-01]
385900 [5.00e-01]
386000 [5.00e-01]
386100 [5.00e-01]
386200 [5.00e-01]
386300 [5.00e-01]
386400 [5.00e-01]
386500 [5.00e-01]
386600 [5.00e-01]
386700 [5.00e-01]
386800 [5.00e-01]
386900 [5.00e-01]
387000 [5.00e-01]
387100 [5.00e-01]
387200 [5.00e-01]
387300 [5.00e-01]
387400 [5.00e-01]
387500 [5.00e-01]
387600 [5.00e-01]
387700 [5.00e-01]
387800 [5.00e-01]
387900 [5.00e-01]
388000 [5.00e-01]
388100 [5.00e-01]
388200 [5.00e-01]
388300 [5.00e-01]
388400 [5.00e-01]
388500 [5.00e-01]
388600 [5.00e-01]
388700 [5.00e-01]
388800 [5.00e-01]
388900 [5.00e-01]
389000 [5.00e-01]
389100 [5.00e-01]
389200 [5.00e-01]
389300 [5.00e-01]
389400 [5.00e-01]
389500 [5.00e-01]
389600 [5.00e-01]
389700 [5.00e-01]
389800 [5.00e-01]
389900 [5.00e-01]
390000 [5.00e-01]
390100 [5.00e-01]
390200 [5.00e-01]
390300 [5.00e-01]
390400 [5.00e-01]
390500 [5.00e-01]
390600 [5.00e-01]
390700 [5.00e-01]
390800 [5.00e-01]
390900 [5.00e-01]
391000 [5.00e-01]
391100 [5.00e-01]
391200 [5.00e-01]
391300 [5.00e-01]
391400 [5.00e-01]
391500 [5.00e-01]
391600 [5.00e-01]
391700 [5.00e-01]
391800 [5.00e-01]
391900 [5.00e-01]
392000 [5.00e-01]
392100 [5.00e-01]
392200 [5.00e-01]
392300 [5.00e-01]
392400 [5.00e-01]
392500 [5.00e-01]
392600 [5.00e-01]
392700 [5.00e-01]
392800 [5.00e-01]
392900 [5.00e-01]
393000 [5.00e-01]
393100 [5.00e-01]
393200 [5.00e-01]
393300 [5.00e-01]
393400 [5.00e-01]
393500 [5.00e-01]
393600 [5.00e-01]
393700 [5.00e-01]
393800 [5.00e-01]
393900 [5.00e-01]
394000 [5.00e-01]
394100 [5.00e-01]
394200 [5.00e-01]
394300 [5.00e-01]
394400 [5.00e-01]
394500 [5.00e-01]
394600 [5.00e-01]
394700 [5.00e-01]
394800 [5.00e-01]
394900 [5.00e-01]
395000 [5.00e-01]
395100 [5.00e-01]
395200 [5.00e-01]
395300 [5.00e-01]
395400 [5.00e-01]
395500 [5.00e-01]
395600 [5.00e-01]
395700 [5.00e-01]
395800 [5.00e-01]
395900 [5.00e-01]
396000 [5.00e-01]
396100 [5.00e-01]
396200 [5.00e-01]
396300 [5.00e-01]
396400 [5.00e-01]
396500 [5.00e-01]
396600 [5.00e-01]
396700 [5.00e-01]
396800 [5.00e-01]
396900 [5.00e-01]
397000 [5.00e-01]
397100 [5.00e-01]
397200 [5.00e-01]
397300 [5.00e-01]
397400 [5.00e-01]
397500 [5.00e-01]
397600 [5.00e-01]
397700 [5.00e-01]
397800 [5.00e-01]
397900 [5.00e-01]
398000 [5.00e-01]
398100 [5.00e-01]
398200 [5.00e-01]
398300 [5.00e-01]
398400 [5.00e-01]
398500 [5.00e-01]
398600 [5.00e-01]
398700 [5.00e-01]
398800 [5.00e-01]
398900 [5.00e-01]
399000 [5.00e-01]
399100 [5.00e-01]
399200 [5.00e-01]
399300 [5.00e-01]
399400 [5.00e-01]
399500 [5.00e-01]
399600 [5.00e-01]
399700 [5.00e-01]
399800 [5.00e-01]
399900 [5.00e-01]
400000 [5.00e-01]
400100 [5.00e-01]
400200 [5.00e-01]
400300 [5.00e-01]
400400 [5.00e-01]
400500 [5.00e-01]
400600 [5.00e-01]
400700 [5.00e-01]
400800 [5.00e-01]
400900 [5.00e-01]
401000 [5.00e-01]
401100 [5.00e-01]
401200 [5.00e-01]
401300 [5.00e-01]
401400 [5.00e-01]
401500 [5.00e-01]
401600 [5.00e-01]
401700 [5.00e-01]
401800 [5.00e-01]
401900 [5.00e-01]
402000 [5.00e-01]
402100 [5.00e-01]
402200 [5.00e-01]
402300 [5.00e-01]
402400 [5.00e-01]
402500 [5.00e-01]
402600 [5.00e-01]
402700 [5.00e-01]
402800 [5.00e-01]
402900 [5.00e-01]
403000 [5.00e-01]
403100 [5.00e-01]
403200 [5.00e-01]
403300 [5.00e-01]
403400 [5.00e-01]
403500 [5.00e-01]
403600 [5.00e-01]
403700 [5.00e-01]
403800 [5.00e-01]
403900 [5.00e-01]
404000 [5.00e-01]
404100 [5.00e-01]
404200 [5.00e-01]
404300 [5.00e-01]
404400 [5.00e-01]
404500 [5.00e-01]
404600 [5.00e-01]
404700 [5.00e-01]
404800 [5.00e-01]
404900 [5.00e-01]
405000 [5.00e-01]
405100 [5.00e-01]
405200 [5.00e-01]
405300 [5.00e-01]
405400 [5.00e-01]
405500 [5.00e-01]
405600 [5.00e-01]
405700 [5.00e-01]
405800 [5.00e-01]
405900 [5.00e-01]
406000 [5.00e-01]
406100 [5.00e-01]
406200 [5.00e-01]
406300 [5.00e-01]
406400 [5.00e-01]
406500 [5.00e-01]
406600 [5.00e-01]
406700 [5.00e-01]
406800 [5.00e-01]
406900 [5.00e-01]
407000 [5.00e-01]
407100 [5.00e-01]
407200 [5.00e-01]
407300 [5.00e-01]
407400 [5.00e-01]
407500 [5.00e-01]
407600 [5.00e-01]
407700 [5.00e-01]
407800 [5.00e-01]
407900 [5.00e-01]
408000 [5.00e-01]
408100 [5.00e-01]
408200 [5.00e-01]
408300 [5.00e-01]
408400 [5.00e-01]
408500 [5.00e-01]
408600 [5.00e-01]
408700 [5.00e-01]
408800 [5.00e-01]
408900 [5.00e-01]
409000 [5.00e-01]
409100 [5.00e-01]
409200 [5.00e-01]
409300 [5.00e-01]
409400 [5.00e-01]
409500 [5.00e-01]
409600 [5.00e-01]
409700 [5.00e-01]
409800 [5.00e-01]
409900 [5.00e-01]
410000 [5.00e-01]
410100 [5.00e-01]
410200 [5.00e-01]
410300 [5.00e-01]
410400 [5.00e-01]
410500 [5.00e-01]
410600 [5.00e-01]
410700 [5.00e-01]
410800 [5.00e-01]
410900 [5.00e-01]
411000 [5.00e-01]
411100 [5.00e-01]
411200 [5.00e-01]
411300 [5.00e-01]
411400 [5.00e-01]
411500 [5.00e-01]
411600 [5.00e-01]
411700 [5.00e-01]
411800 [5.00e-01]
411900 [5.00e-01]
412000 [5.00e-01]
412100 [5.00e-01]
412200 [5.00e-01]
412300 [5.00e-01]
412400 [5.00e-01]
412500 [5.00e-01]
412600 [5.00e-01]
412700 [5.00e-01]
412800 [5.00e-01]
412900 [5.00e-01]
413000 [5.00e-01]
413100 [5.00e-01]
413200 [5.00e-01]
413300 [5.00e-01]
413400 [5.00e-01]
413500 [5.00e-01]
413600 [5.00e-01]
413700 [5.00e-01]
413800 [5.00e-01]
413900 [5.00e-01]
414000 [5.00e-01]
414100 [5.00e-01]
414200 [5.00e-01]
414300 [5.00e-01]
414400 [5.00e-01]
414500 [5.00e-01]
414600 [5.00e-01]
414700 [5.00e-01]
414800 [5.00e-01]
414900 [5.00e-01]
415000 [5.00e-01]
415100 [5.00e-01]
415200 [5.00e-01]
415300 [5.00e-01]
415400 [5.00e-01]
415500 [5.00e-01]
415600 [5.00e-01]
415700 [5.00e-01]
415800 [5.00e-01]
415900 [5.00e-01]
416000 [5.00e-01]
416100 [5.00e-01]
416200 [5.00e-01]
416300 [5.00e-01]
416400 [5.00e-01]
416500 [5.00e-01]
416600 [5.00e-01]
416700 [5.00e-01]
416800 [5.00e-01]
416900 [5.00e-01]
417000 [5.00e-01]
417100 [5.00e-01]
417200 [5.00e-01]
417300 [5.00e-01]
417400 [5.00e-01]
417500 [5.00e-01]
417600 [5.00e-01]
417700 [5.00e-01]
417800 [5.00e-01]
417900 [5.00e-01]
418000 [5.00e-01]
418100 [5.00e-01]
418200 [5.00e-01]
418300 [5.00e-01]
418400 [5.00e-01]
418500 [5.00e-01]
418600 [5.00e-01]
418700 [5.00e-01]
418800 [5.00e-01]
418900 [5.00e-01]
419000 [5.00e-01]
419100 [5.00e-01]
419200 [5.00e-01]
419300 [5.00e-01]
419400 [5.00e-01]
419500 [5.00e-01]
419600 [5.00e-01]
419700 [5.00e-01]
419800 [5.00e-01]
419900 [5.00e-01]
420000 [5.00e-01]
420100 [5.00e-01]
420200 [5.00e-01]
420300 [5.00e-01]
420400 [5.00e-01]
420500 [5.00e-01]
420600 [5.00e-01]
420700 [5.00e-01]
420800 [5.00e-01]
420900 [5.00e-01]
421000 [5.00e-01]
421100 [5.00e-01]
421200 [5.00e-01]
421300 [5.00e-01]
421400 [5.00e-01]
421500 [5.00e-01]
421600 [5.00e-01]
421700 [5.00e-01]
421800 [5.00e-01]
421900 [5.00e-01]
422000 [5.00e-01]
422100 [5.00e-01]
422200 [5.00e-01]
422300 [5.00e-01]
422400 [5.00e-01]
422500 [5.00e-01]
422600 [5.00e-01]
422700 [5.00e-01]
422800 [5.00e-01]
422900 [5.00e-01]
423000 [5.00e-01]
423100 [5.00e-01]
423200 [5.00e-01]
423300 [5.00e-01]
423400 [5.00e-01]
423500 [5.00e-01]
423600 [5.00e-01]
423700 [5.00e-01]
423800 [5.00e-01]
423900 [5.00e-01]
424000 [5.00e-01]
424100 [5.00e-01]
424200 [5.00e-01]
424300 [5.00e-01]
424400 [5.00e-01]
424500 [5.00e-01]
424600 [5.00e-01]
424700 [5.00e-01]
424800 [5.00e-01]
424900 [5.00e-01]
425000 [5.00e-01]
425100 [5.00e-01]
425200 [5.00e-01]
425300 [5.00e-01]
425400 [5.00e-01]
425500 [5.00e-01]
425600 [5.00e-01]
425700 [5.00e-01]
425800 [5.00e-01]
425900 [5.00e-01]
426000 [5.00e-01]
426100 [5.00e-01]
426200 [5.00e-01]
426300 [5.00e-01]
426400 [5.00e-01]
426500 [5.00e-01]
426600 [5.00e-01]
426700 [5.00e-01]
426800 [5.00e-01]
426900 [5.00e-01]
427000 [5.00e-01]
427100 [5.00e-01]
427200 [5.00e-01]
427300 [5.00e-01]
427400 [5.00e-01]
427500 [5.00e-01]
427600 [5.00e-01]
427700 [5.00e-01]
427800 [5.00e-01]
427900 [5.00e-01]
428000 [5.00e-01]
428100 [5.00e-01]
428200 [5.00e-01]
428300 [5.00e-01]
428400 [5.00e-01]
428500 [5.00e-01]
428600 [5.00e-01]
428700 [5.00e-01]
428800 [5.00e-01]
428900 [5.00e-01]
429000 [5.00e-01]
429100 [5.00e-01]
429200 [5.00e-01]
429300 [5.00e-01]
429400 [5.00e-01]
429500 [5.00e-01]
429600 [5.00e-01]
429700 [5.00e-01]
429800 [5.00e-01]
429900 [5.00e-01]
430000 [5.00e-01]
430100 [5.00e-01]
430200 [5.00e-01]
430300 [5.00e-01]
430400 [5.00e-01]
430500 [5.00e-01]
430600 [5.00e-01]
430700 [5.00e-01]
430800 [5.00e-01]
430900 [5.00e-01]
431000 [5.00e-01]
431100 [5.00e-01]
431200 [5.00e-01]
431236 [5.00e-01]
